1778306076517 0.00023636986301369862 0
1778306113583 0.0004712390219178082 1
1778306148500 0.0007029665808219178 2
1778306181909 0.0006998627999999999 3
1778306214943 0.0006951504 4
1778306249948 0.000690438 5
1778306284075 0.0006857256 6
1778306318702 0.0006810132 7
1778306352812 0.0006763008000000001 8
1778306388425 0.0006715884 9
1778306423418 0.0006668760000000001 10
1778306457355 0.0006621636 11
1778306491206 0.0006574512 12
1778306524856 0.0006527388 13
1778306558673 0.0006480264 14
1778306593169 0.000643314 15
1778306628002 0.0006386016 16
1778306662772 0.0006338892000000001 17
1778306696949 0.0006291768 18
1778306730591 0.0006244644 19
1778306764028 0.000619752 20
1778306797674 0.0006150395999999999 21
1778306830901 0.0006103271999999999 22
1778306865301 0.0006056148 23
1778306899022 0.0006009024 24
1778306932323 0.00059619 25
1778306965651 0.0005914776000000001 26
1778306999284 0.0005867652000000001 27
1778307034071 0.0005820528000000001 28
1778307069361 0.0005773404 29
1778307104031 0.000572628 30
1778307137499 0.0005679156 31
1778307172406 0.0005632031999999999 32
1778307207235 0.0005584908 33
1778307241963 0.0005537784 34
1778307276357 0.000549066 35
1778307311304 0.0005443536 36
1778307345818 0.0005396412 37
1778307379343 0.0005349288 38
1778307412802 0.0005302164 39
1778307447680 0.0005255040000000001 40
1778307482235 0.0005207916 41
1778307515899 0.0005160792 42
1778307549345 0.0005113668 43
1778307584139 0.0005066544 44
1778307618807 0.000501942 45
1778307654068 0.0004972296000000001 46
1778307688341 0.0004925172 47
1778307721752 0.00048780479999999994 48
1778307754933 0.0004830924 49
1778307787889 0.00047838000000000004 50
1778307821100 0.0004736675999999999 51
1778307854686 0.00046895519999999997 52
1778307888240 0.0004642428000000001 53
1778307921560 0.00045953040000000007 54
1778307955252 0.000454818 55
1778307988591 0.00045010560000000006 56
1778308022013 0.0004453932 57
1778308055336 0.0004406808 58
1778308102971 0.00043596840000000004 59
1778308136616 0.000431256 60
1778308170423 0.00042654359999999997 61
1778308204234 0.0004218312 62
1778308239180 0.0004171188 63
1778308273739 0.0004124063999999999 64
1778308308453 0.00040769399999999995 65
1778308342800 0.0004029816 66
1778308377250 0.0003982692 67
1778308411797 0.00039355680000000004 68
1778308446497 0.0003888444000000001 69
1778308480841 0.00038413200000000003 70
1778308515206 0.00037941959999999997 71
1778308549606 0.0003747072 72
1778308584422 0.0003699948 73
1778308618891 0.00036528239999999995 74
1778308653643 0.00036057 75
1778308688367 0.0003558576 76
1778308723172 0.00035114520000000004 77
1778308758389 0.0003464328 78
1778308792355 0.0003417204000000001 79
1778308827118 0.000337008 80
1778308861795 0.00033229559999999996 81
1778308896017 0.0003275832 82
1778308930465 0.0003228708 83
1778308965246 0.00031815839999999995 84
1778308999773 0.000313446 85
1778309033406 0.0003087336 86
1778309066680 0.00030402120000000004 87
1778309100453 0.00029930880000000003 88
1778309133997 0.00029459639999999997 89
1778309167648 0.000289884 90
1778309201340 0.0002851716 91
1778309235958 0.0002804592 92
1778309270240 0.0002757468 93
1778309305393 0.0002710344 94
1778309340545 0.00026632200000000004 95
1778309375751 0.0002616096 96
1778309409393 0.00025689720000000003 97
1778309442818 0.0002521848 98
1778309476360 0.00024747239999999997 99
1778309510143 0.00024276 100
1778309544897 0.00023804759999999998 101
1778309579547 0.00023333519999999997 102
1778309613275 0.00022862280000000002 103
1778309647701 0.0002239104 104
1778309681528 0.00021919800000000004 105
1778309716430 0.0002144856 106
1778309751224 0.00020977319999999997 107
1778309787046 0.00020506080000000002 108
1778309822145 0.00020034840000000001 109
