1778203116098 2.04749 0
1778203146582 2.03571 1
1778203175189 2.04508 2
1778203203978 2.03779 3
1778203233251 2.03436 4
1778203261242 2.04089 5
1778203289337 2.03881 6
1778203317832 2.02688 7
1778203345954 2.03069 8
1778203373843 2.03866 9
1778203401923 2.04187 10
1778203429902 2.03658 11
1778203457369 2.03053 12
1778203485390 2.05546 13
1778203512877 2.04223 14
1778203540628 2.039 15
1778203568413 2.04016 16
1778203596269 2.03561 17
1778203624085 2.03065 18
1778203651946 2.03891 19
1778203679394 2.02878 20
1778203707479 2.0349 21
1778203735630 2.03033 22
1778203763269 2.03017 23
1778203790937 2.03993 24
1778203820014 2.03365 25
1778203847816 2.03389 26
1778203875506 2.03021 27
1778203904531 2.03649 28
1778203933434 2.04025 29
1778203962020 2.03853 30
1778203990013 2.03171 31
1778204018241 2.0481 32
1778204047520 2.03886 33
1778204077121 2.02572 34
1778204106291 2.03512 35
1778204135213 2.03748 36
1778204164472 2.04005 37
1778204193631 2.02862 38
1778204222123 2.03977 39
1778204251167 2.04406 40
1778204280189 2.04379 41
1778204308536 2.03492 42
1778204337624 2.04215 43
1778204366205 2.036 44
1778204395616 2.02942 45
1778204424909 2.03233 46
1778204454154 2.04038 47
1778204482114 2.03622 48
1778204510053 2.04895 49
1778204539335 2.03252 50
1778204568689 2.04294 51
1778204597391 2.0342 52
1778204626367 2.03914 53
1778204655315 2.04152 54
1778204684102 2.03738 55
1778204713266 2.03345 56
1778204742064 2.03289 57
1778204770866 2.03756 58
1778204798788 2.02885 59
1778204826449 2.03559 60
1778204854217 2.0496 61
1778204881950 2.03841 62
1778204909804 2.03001 63
1778204937587 2.03541 64
1778204965414 2.03174 65
1778204993673 2.03167 66
1778205021408 2.02723 67
1778205049354 2.03638 68
1778205078517 2.05117 69
1778205107678 2.04098 70
1778205137307 2.03498 71
1778205166495 2.03859 72
1778205195700 2.02285 73
1778205224905 2.03572 74
1778205253832 2.02702 75
1778205284341 2.0291 76
1778205313431 2.03851 77
1778205342329 2.03878 78
1778205371588 2.04546 79
1778205400932 2.03719 80
1778205429180 2.03083 81
1778205458274 2.02634 82
1778205486326 2.03079 83
1778205515212 2.03119 84
1778205544466 2.03422 85
1778205572621 2.03495 86
1778205600557 2.03308 87
1778205628994 2.04296 88
1778205657014 2.04177 89
1778205685029 2.03985 90
1778205713167 2.02536 91
1778205741671 2.04945 92
1778205770088 2.02949 93
1778205797611 2.0418 94
1778205826298 2.02539 95
1778205855254 2.04511 96
1778205884374 2.0395 97
1778205913460 2.03389 98
1778205942657 2.03681 99
1778205971929 2.04629 100
1778206000968 2.03795 101
1778206030206 2.03972 102
1778206058649 2.03791 103
1778206086677 2.03549 104
1778206114566 2.02922 105
1778206143149 2.03806 106
1778206171394 2.0306 107
1778206199915 2.03988 108
1778206227868 2.04117 109
1778206256035 2.02562 110
1778206284248 2.02614 111
1778206312920 2.03524 112
1778206341899 2.04253 113
1778206369922 2.0352 114
1778206398918 2.03481 115
1778206427826 2.03829 116
1778206456136 2.03539 117
1778206485227 2.03055 118
1778206512062 2.04104 119
1778206539838 2.0352 120
1778206567597 2.0352 121
1778206595395 2.04114 122
1778206623370 2.04134 123
1778206651245 2.03223 124
1778206678870 2.0409 125
1778206706586 2.04312 126
1778206734157 2.03974 127
1778206762108 2.02427 128
1778206791295 2.03188 129
1778206819260 2.02803 130
1778206848418 2.03383 131
1778206876382 2.0317 132
1778206904095 2.02911 133
1778206931877 2.04216 134
1778206960521 2.03331 135
1778206988863 2.0266 136
1778207017453 2.04241 137
1778207046639 2.04294 138
1778207076001 2.03454 139
1778207112332 2.03948 140
1778207144932 2.04161 141
1778207186129 2.02406 142
1778207214462 2.04011 143
1778207251005 2.04452 144
1778207282038 2.03223 145
1778207310945 2.02536 146
1778207340034 2.03079 147
1778207368414 2.03886 148
1778207396496 2.03749 149
