1778203116098 6.31172 0
1778203146582 6.3373 1
1778203175189 6.32854 2
1778203203978 6.33955 3
1778203233251 6.32828 4
1778203261242 6.3378 5
1778203289337 6.33134 6
1778203317832 6.33672 7
1778203345954 6.32801 8
1778203373843 6.33295 9
1778203401923 6.34074 10
1778203429902 6.33578 11
1778203457369 6.34212 12
1778203485390 6.33276 13
1778203512877 6.34062 14
1778203540628 6.33367 15
1778203568413 6.33867 16
1778203596269 6.33947 17
1778203624085 6.33124 18
1778203651946 6.3251 19
1778203679394 6.33483 20
1778203707479 6.33327 21
1778203735630 6.32692 22
1778203763269 6.33987 23
1778203790937 6.33212 24
1778203820014 6.33173 25
1778203847816 6.33007 26
1778203875506 6.3337 27
1778203904531 6.33847 28
1778203933434 6.33229 29
1778203962020 6.34443 30
1778203990013 6.33787 31
1778204018241 6.33493 32
1778204047520 6.34358 33
1778204077121 6.33065 34
1778204106291 6.33877 35
1778204135213 6.34892 36
1778204164472 6.34105 37
1778204193631 6.33544 38
1778204222123 6.34246 39
1778204251167 6.35646 40
1778204280189 6.3296 41
1778204308536 6.33526 42
1778204337624 6.34071 43
1778204366205 6.34204 44
1778204395616 6.32336 45
1778204424909 6.33586 46
1778204454154 6.33312 47
1778204482114 6.33901 48
1778204510053 6.33815 49
1778204539335 6.34175 50
1778204568689 6.34583 51
1778204597391 6.33712 52
1778204626367 6.3283 53
1778204655315 6.33907 54
1778204684102 6.32863 55
1778204713266 6.3392 56
1778204742064 6.34595 57
1778204770866 6.33024 58
1778204798788 6.33713 59
1778204826449 6.33614 60
1778204854217 6.32705 61
1778204881950 6.31905 62
1778204909804 6.34448 63
1778204937587 6.32087 64
1778204965414 6.34057 65
1778204993673 6.34602 66
1778205021408 6.33646 67
1778205049354 6.31783 68
1778205078517 6.33678 69
1778205107678 6.33241 70
1778205137307 6.34203 71
1778205166495 6.32696 72
1778205195700 6.34003 73
1778205224905 6.33051 74
1778205253832 6.34021 75
1778205284341 6.34882 76
1778205313431 6.34174 77
1778205342329 6.34257 78
1778205371588 6.34127 79
1778205400932 6.32832 80
1778205429180 6.33128 81
1778205458274 6.33491 82
1778205486326 6.33843 83
1778205515212 6.3451 84
1778205544466 6.32835 85
1778205572621 6.33368 86
1778205600557 6.34498 87
1778205628994 6.34145 88
1778205657014 6.32349 89
1778205685029 6.32746 90
1778205713167 6.33515 91
1778205741671 6.33497 92
1778205770088 6.32966 93
1778205797611 6.33057 94
1778205826298 6.35066 95
1778205855254 6.3294 96
1778205884374 6.33688 97
1778205913460 6.33713 98
1778205942657 6.34196 99
1778205971929 6.33779 100
1778206000968 6.3299 101
1778206030206 6.32458 102
1778206058649 6.35086 103
1778206086677 6.35342 104
1778206114566 6.33016 105
1778206143149 6.32898 106
1778206171394 6.3373 107
1778206199915 6.33501 108
1778206227868 6.34092 109
1778206256035 6.32171 110
1778206284248 6.34442 111
1778206312920 6.3271 112
1778206341899 6.34068 113
1778206369922 6.34316 114
1778206398918 6.34757 115
1778206427826 6.33122 116
1778206456136 6.35323 117
1778206485227 6.34011 118
1778206512062 6.33695 119
1778206539838 6.33197 120
1778206567597 6.34076 121
1778206595395 6.32973 122
1778206623370 6.32703 123
1778206651245 6.33384 124
1778206678870 6.33459 125
1778206706586 6.33607 126
1778206734157 6.33928 127
1778206762108 6.34042 128
1778206791295 6.33796 129
1778206819260 6.32447 130
1778206848418 6.32482 131
1778206876382 6.33236 132
1778206904095 6.33228 133
1778206931877 6.34564 134
1778206960521 6.33147 135
1778206988863 6.32615 136
1778207017453 6.3267 137
1778207046639 6.33204 138
1778207076001 6.33042 139
1778207112332 6.33832 140
1778207144932 6.32167 141
1778207186129 6.31793 142
1778207214462 6.32913 143
1778207251005 6.32839 144
1778207282038 6.33704 145
1778207310945 6.34032 146
1778207340034 6.31571 147
1778207368414 6.3311 148
1778207396496 6.3366 149
