1778203116098 14.69172 0
1778203146582 1.12608 1
1778203175189 0.95647 2
1778203203978 0.9524 3
1778203233251 0.93643 4
1778203261242 0.97629 5
1778203289337 0.92268 6
1778203317832 0.89656 7
1778203345954 0.90493 8
1778203373843 0.87709 9
1778203401923 0.88419 10
1778203429902 0.87047 11
1778203457369 0.86778 12
1778203485390 0.8606 13
1778203512877 0.86879 14
1778203540628 0.87298 15
1778203568413 0.90029 16
1778203596269 0.85994 17
1778203624085 0.86286 18
1778203651946 0.84984 19
1778203679394 0.85645 20
1778203707479 0.85523 21
1778203735630 0.84446 22
1778203763269 0.85734 23
1778203790937 0.84345 24
1778203820014 0.84243 25
1778203847816 0.84221 26
1778203875506 0.84102 27
1778203904531 0.84159 28
1778203933434 0.83749 29
1778203962020 0.83653 30
1778203990013 0.84467 31
1778204018241 0.84327 32
1778204047520 0.83211 33
1778204077121 0.83703 34
1778204106291 0.84538 35
1778204135213 0.84405 36
1778204164472 0.84522 37
1778204193631 0.8385 38
1778204222123 0.83194 39
1778204251167 0.82754 40
1778204280189 0.82659 41
1778204308536 0.83463 42
1778204337624 0.83691 43
1778204366205 0.83691 44
1778204395616 0.84445 45
1778204424909 0.83092 46
1778204454154 0.83226 47
1778204482114 0.82879 48
1778204510053 0.82802 49
1778204539335 0.82463 50
1778204568689 0.82852 51
1778204597391 0.82539 52
1778204626367 0.8273 53
1778204655315 0.82436 54
1778204684102 0.82746 55
1778204713266 0.82325 56
1778204742064 0.82705 57
1778204770866 0.82814 58
1778204798788 0.81918 59
1778204826449 0.82585 60
1778204854217 0.82903 61
1778204881950 0.82531 62
1778204909804 0.82893 63
1778204937587 0.82 64
1778204965414 0.82024 65
1778204993673 0.82271 66
1778205021408 0.82095 67
1778205049354 0.81928 68
1778205078517 0.82394 69
1778205107678 0.81418 70
1778205137307 0.82279 71
1778205166495 0.81706 72
1778205195700 0.82011 73
1778205224905 0.81713 74
1778205253832 0.81655 75
1778205284341 0.81342 76
1778205313431 0.82155 77
1778205342329 0.81586 78
1778205371588 0.81623 79
1778205400932 0.81605 80
1778205429180 0.81579 81
1778205458274 0.80812 82
1778205486326 0.80854 83
1778205515212 0.81536 84
1778205544466 0.8181 85
1778205572621 0.8134 86
1778205600557 0.81366 87
1778205628994 0.81099 88
1778205657014 0.81432 89
1778205685029 0.8093 90
1778205713167 0.8033 91
1778205741671 0.81031 92
1778205770088 0.80731 93
1778205797611 0.8116 94
1778205826298 0.80748 95
1778205855254 0.80831 96
1778205884374 0.80781 97
1778205913460 0.81089 98
1778205942657 0.80938 99
1778205971929 0.80936 100
1778206000968 0.81023 101
1778206030206 0.79732 102
1778206058649 0.80832 103
1778206086677 0.81051 104
1778206114566 0.80669 105
1778206143149 0.80109 106
1778206171394 0.80036 107
1778206199915 0.79983 108
1778206227868 0.80075 109
1778206256035 0.80068 110
1778206284248 0.80647 111
1778206312920 0.80717 112
1778206341899 0.80347 113
1778206369922 0.80609 114
1778206398918 0.79956 115
1778206427826 0.80475 116
1778206456136 0.79631 117
1778206485227 0.80209 118
1778206512062 0.79781 119
1778206539838 0.80228 120
1778206567597 0.80048 121
1778206595395 0.80289 122
1778206623370 0.79233 123
1778206651245 0.80063 124
1778206678870 0.80217 125
1778206706586 0.79895 126
1778206734157 0.80227 127
1778206762108 0.79795 128
1778206791295 0.79934 129
1778206819260 0.79594 130
1778206848418 0.79366 131
1778206876382 0.79565 132
1778206904095 0.79856 133
1778206931877 0.79678 134
1778206960521 0.79421 135
1778206988863 0.79271 136
1778207017453 0.79712 137
1778207046639 0.79255 138
1778207076001 0.79706 139
1778207112332 0.79326 140
1778207144932 0.79438 141
1778207186129 0.79255 142
1778207214462 0.79263 143
1778207251005 0.79579 144
1778207282038 0.79115 145
1778207310945 0.79681 146
1778207340034 0.79664 147
1778207368414 0.79 148
1778207396496 0.78705 149
