1778203116098 0.02395 0
1778203146582 0.02347 1
1778203175189 0.02367 2
1778203203978 0.0236 3
1778203233251 0.02351 4
1778203261242 0.02355 5
1778203289337 0.02369 6
1778203317832 0.02321 7
1778203345954 0.02336 8
1778203373843 0.02343 9
1778203401923 0.02387 10
1778203429902 0.02373 11
1778203457369 0.02331 12
1778203485390 0.0238 13
1778203512877 0.0235 14
1778203540628 0.02398 15
1778203568413 0.02348 16
1778203596269 0.02352 17
1778203624085 0.0234 18
1778203651946 0.02356 19
1778203679394 0.02349 20
1778203707479 0.02365 21
1778203735630 0.0235 22
1778203763269 0.02332 23
1778203790937 0.02379 24
1778203820014 0.02375 25
1778203847816 0.02347 26
1778203875506 0.02333 27
1778203904531 0.02371 28
1778203933434 0.02358 29
1778203962020 0.02347 30
1778203990013 0.02365 31
1778204018241 0.02374 32
1778204047520 0.02356 33
1778204077121 0.02366 34
1778204106291 0.02355 35
1778204135213 0.0237 36
1778204164472 0.02341 37
1778204193631 0.02354 38
1778204222123 0.02369 39
1778204251167 0.02349 40
1778204280189 0.02354 41
1778204308536 0.02342 42
1778204337624 0.02366 43
1778204366205 0.02351 44
1778204395616 0.02348 45
1778204424909 0.02342 46
1778204454154 0.02351 47
1778204482114 0.02378 48
1778204510053 0.02359 49
1778204539335 0.02342 50
1778204568689 0.0235 51
1778204597391 0.02355 52
1778204626367 0.02355 53
1778204655315 0.02367 54
1778204684102 0.02343 55
1778204713266 0.02347 56
1778204742064 0.02336 57
1778204770866 0.02381 58
1778204798788 0.02347 59
1778204826449 0.02391 60
1778204854217 0.02404 61
1778204881950 0.02369 62
1778204909804 0.02353 63
1778204937587 0.02339 64
1778204965414 0.02335 65
1778204993673 0.02356 66
1778205021408 0.02368 67
1778205049354 0.02336 68
1778205078517 0.02357 69
1778205107678 0.02378 70
1778205137307 0.02333 71
1778205166495 0.02353 72
1778205195700 0.02338 73
1778205224905 0.0237 74
1778205253832 0.02351 75
1778205284341 0.02326 76
1778205313431 0.02361 77
1778205342329 0.02362 78
1778205371588 0.02394 79
1778205400932 0.02342 80
1778205429180 0.02362 81
1778205458274 0.02333 82
1778205486326 0.02326 83
1778205515212 0.02332 84
1778205544466 0.02334 85
1778205572621 0.02335 86
1778205600557 0.02319 87
1778205628994 0.02377 88
1778205657014 0.02372 89
1778205685029 0.02368 90
1778205713167 0.0236 91
1778205741671 0.02376 92
1778205770088 0.0236 93
1778205797611 0.02349 94
1778205826298 0.02326 95
1778205855254 0.02344 96
1778205884374 0.0236 97
1778205913460 0.02329 98
1778205942657 0.0236 99
1778205971929 0.02351 100
1778206000968 0.02367 101
1778206030206 0.02373 102
1778206058649 0.02382 103
1778206086677 0.02365 104
1778206114566 0.02336 105
1778206143149 0.02352 106
1778206171394 0.02336 107
1778206199915 0.02376 108
1778206227868 0.0233 109
1778206256035 0.02347 110
1778206284248 0.0232 111
1778206312920 0.02356 112
1778206341899 0.02362 113
1778206369922 0.02354 114
1778206398918 0.02344 115
1778206427826 0.02335 116
1778206456136 0.02346 117
1778206485227 0.02334 118
1778206512062 0.02354 119
1778206539838 0.0235 120
1778206567597 0.02355 121
1778206595395 0.02362 122
1778206623370 0.02388 123
1778206651245 0.02346 124
1778206678870 0.02373 125
1778206706586 0.02367 126
1778206734157 0.02348 127
1778206762108 0.02352 128
1778206791295 0.02354 129
1778206819260 0.02348 130
1778206848418 0.02379 131
1778206876382 0.02364 132
1778206904095 0.02341 133
1778206931877 0.02367 134
1778206960521 0.02377 135
1778206988863 0.02326 136
1778207017453 0.02312 137
1778207046639 0.02381 138
1778207076001 0.0236 139
1778207112332 0.02353 140
1778207144932 0.02344 141
1778207186129 0.02367 142
1778207214462 0.02349 143
1778207251005 0.02375 144
1778207282038 0.02349 145
1778207310945 0.02334 146
1778207340034 0.02358 147
1778207368414 0.0234 148
1778207396496 0.02362 149
