1778203116098 4.78101 0
1778203146582 4.74711 1
1778203175189 4.78713 2
1778203203978 4.76063 3
1778203233251 4.76014 4
1778203261242 4.78607 5
1778203289337 4.78965 6
1778203317832 4.76336 7
1778203345954 4.75471 8
1778203373843 4.78605 9
1778203401923 4.79936 10
1778203429902 4.77835 11
1778203457369 4.75125 12
1778203485390 4.7795 13
1778203512877 4.76507 14
1778203540628 4.78551 15
1778203568413 4.76888 16
1778203596269 4.77445 17
1778203624085 4.75465 18
1778203651946 4.77015 19
1778203679394 4.75948 20
1778203707479 4.76913 21
1778203735630 4.75073 22
1778203763269 4.7537 23
1778203790937 4.75242 24
1778203820014 4.80627 25
1778203847816 4.774 26
1778203875506 4.75044 27
1778203904531 4.7657 28
1778203933434 4.76781 29
1778203962020 4.76424 30
1778203990013 4.78303 31
1778204018241 4.79825 32
1778204047520 4.76551 33
1778204077121 4.78592 34
1778204106291 4.76067 35
1778204135213 4.75657 36
1778204164472 4.7462 37
1778204193631 4.75729 38
1778204222123 4.78722 39
1778204251167 4.7665 40
1778204280189 4.73554 41
1778204308536 4.77364 42
1778204337624 4.75732 43
1778204366205 4.77475 44
1778204395616 4.77652 45
1778204424909 4.78049 46
1778204454154 4.77045 47
1778204482114 4.78359 48
1778204510053 4.77282 49
1778204539335 4.76789 50
1778204568689 4.74496 51
1778204597391 4.76863 52
1778204626367 4.77668 53
1778204655315 4.7779 54
1778204684102 4.74472 55
1778204713266 4.74768 56
1778204742064 4.76359 57
1778204770866 4.77787 58
1778204798788 4.75916 59
1778204826449 4.78518 60
1778204854217 4.79053 61
1778204881950 4.76552 62
1778204909804 4.76942 63
1778204937587 4.76085 64
1778204965414 4.76661 65
1778204993673 4.77727 66
1778205021408 4.76581 67
1778205049354 4.72685 68
1778205078517 4.72925 69
1778205107678 4.78596 70
1778205137307 4.74493 71
1778205166495 4.76294 72
1778205195700 4.75336 73
1778205224905 4.79344 74
1778205253832 4.75194 75
1778205284341 4.76385 76
1778205313431 4.76585 77
1778205342329 4.76105 78
1778205371588 4.81415 79
1778205400932 4.74692 80
1778205429180 4.78254 81
1778205458274 4.7884 82
1778205486326 4.74183 83
1778205515212 4.76511 84
1778205544466 4.78037 85
1778205572621 4.77811 86
1778205600557 4.76407 87
1778205628994 4.76754 88
1778205657014 4.7908 89
1778205685029 4.7789 90
1778205713167 4.75703 91
1778205741671 4.76637 92
1778205770088 4.76743 93
1778205797611 4.76465 94
1778205826298 4.74548 95
1778205855254 4.75952 96
1778205884374 4.76058 97
1778205913460 4.77258 98
1778205942657 4.78657 99
1778205971929 4.78524 100
1778206000968 4.77029 101
1778206030206 4.8009 102
1778206058649 4.781 103
1778206086677 4.79192 104
1778206114566 4.77401 105
1778206143149 4.77059 106
1778206171394 4.77089 107
1778206199915 4.76482 108
1778206227868 4.77602 109
1778206256035 4.76219 110
1778206284248 4.75295 111
1778206312920 4.75743 112
1778206341899 4.79257 113
1778206369922 4.7741 114
1778206398918 4.76816 115
1778206427826 4.78251 116
1778206456136 4.76218 117
1778206485227 4.75473 118
1778206512062 4.74887 119
1778206539838 4.77047 120
1778206567597 4.76044 121
1778206595395 4.76179 122
1778206623370 4.79762 123
1778206651245 4.77161 124
1778206678870 4.77293 125
1778206706586 4.75749 126
1778206734157 4.75962 127
1778206762108 4.75243 128
1778206791295 4.77877 129
1778206819260 4.79197 130
1778206848418 4.81018 131
1778206876382 4.7575 132
1778206904095 4.76606 133
1778206931877 4.74592 134
1778206960521 4.77856 135
1778206988863 4.74305 136
1778207017453 4.75911 137
1778207046639 4.79384 138
1778207076001 4.78288 139
1778207112332 4.75884 140
1778207144932 4.77232 141
1778207186129 4.76145 142
1778207214462 4.77815 143
1778207251005 4.78018 144
1778207282038 4.75815 145
1778207310945 4.76352 146
1778207340034 4.78768 147
1778207368414 4.74527 148
1778207396496 4.78852 149
