1778203116098 0.85526 0
1778203146582 0.84598 1
1778203175189 0.83948 2
1778203203978 0.84531 3
1778203233251 0.84506 4
1778203261242 0.8449 5
1778203289337 0.84836 6
1778203317832 0.83592 7
1778203345954 0.83934 8
1778203373843 0.84145 9
1778203401923 0.84929 10
1778203429902 0.85475 11
1778203457369 0.83886 12
1778203485390 0.83748 13
1778203512877 0.84011 14
1778203540628 0.85474 15
1778203568413 0.84473 16
1778203596269 0.8452 17
1778203624085 0.8468 18
1778203651946 0.84669 19
1778203679394 0.84196 20
1778203707479 0.84755 21
1778203735630 0.84022 22
1778203763269 0.83717 23
1778203790937 0.85407 24
1778203820014 0.85639 25
1778203847816 0.84097 26
1778203875506 0.83945 27
1778203904531 0.85895 28
1778203933434 0.83603 29
1778203962020 0.84512 30
1778203990013 0.84286 31
1778204018241 0.84349 32
1778204047520 0.84363 33
1778204077121 0.85093 34
1778204106291 0.84411 35
1778204135213 0.84557 36
1778204164472 0.83303 37
1778204193631 0.84369 38
1778204222123 0.85363 39
1778204251167 0.84089 40
1778204280189 0.83542 41
1778204308536 0.83952 42
1778204337624 0.84642 43
1778204366205 0.84243 44
1778204395616 0.84232 45
1778204424909 0.84097 46
1778204454154 0.84574 47
1778204482114 0.85401 48
1778204510053 0.83636 49
1778204539335 0.8412 50
1778204568689 0.84255 51
1778204597391 0.85031 52
1778204626367 0.84838 53
1778204655315 0.84984 54
1778204684102 0.84071 55
1778204713266 0.84375 56
1778204742064 0.8491 57
1778204770866 0.85415 58
1778204798788 0.84694 59
1778204826449 0.85917 60
1778204854217 0.8544 61
1778204881950 0.84608 62
1778204909804 0.84413 63
1778204937587 0.84198 64
1778204965414 0.84229 65
1778204993673 0.84661 66
1778205021408 0.85933 67
1778205049354 0.83647 68
1778205078517 0.83319 69
1778205107678 0.85239 70
1778205137307 0.83233 71
1778205166495 0.84285 72
1778205195700 0.8506 73
1778205224905 0.85567 74
1778205253832 0.84452 75
1778205284341 0.83479 76
1778205313431 0.84884 77
1778205342329 0.85313 78
1778205371588 0.86109 79
1778205400932 0.84093 80
1778205429180 0.85211 81
1778205458274 0.84461 82
1778205486326 0.84473 83
1778205515212 0.83314 84
1778205544466 0.84226 85
1778205572621 0.84654 86
1778205600557 0.83326 87
1778205628994 0.85056 88
1778205657014 0.84764 89
1778205685029 0.84827 90
1778205713167 0.84976 91
1778205741671 0.84495 92
1778205770088 0.85286 93
1778205797611 0.84038 94
1778205826298 0.83508 95
1778205855254 0.84419 96
1778205884374 0.84318 97
1778205913460 0.83637 98
1778205942657 0.85026 99
1778205971929 0.84055 100
1778206000968 0.84801 101
1778206030206 0.84457 102
1778206058649 0.85033 103
1778206086677 0.85467 104
1778206114566 0.84483 105
1778206143149 0.84822 106
1778206171394 0.84426 107
1778206199915 0.84765 108
1778206227868 0.83928 109
1778206256035 0.84395 110
1778206284248 0.83565 111
1778206312920 0.85255 112
1778206341899 0.85122 113
1778206369922 0.85186 114
1778206398918 0.84313 115
1778206427826 0.83998 116
1778206456136 0.84355 117
1778206485227 0.84106 118
1778206512062 0.84568 119
1778206539838 0.84238 120
1778206567597 0.84991 121
1778206595395 0.83788 122
1778206623370 0.84941 123
1778206651245 0.84243 124
1778206678870 0.8477 125
1778206706586 0.84417 126
1778206734157 0.84013 127
1778206762108 0.84439 128
1778206791295 0.84842 129
1778206819260 0.84805 130
1778206848418 0.85442 131
1778206876382 0.84574 132
1778206904095 0.84644 133
1778206931877 0.84361 134
1778206960521 0.85034 135
1778206988863 0.83558 136
1778207017453 0.82579 137
1778207046639 0.84707 138
1778207076001 0.85231 139
1778207112332 0.84295 140
1778207144932 0.83039 141
1778207186129 0.84766 142
1778207214462 0.85296 143
1778207251005 0.85248 144
1778207282038 0.84084 145
1778207310945 0.8456 146
1778207340034 0.84719 147
1778207368414 0.83661 148
1778207396496 0.84656 149
