1778313660669 0.00023636986301369862 0
1778313694732 0.0004712390219178082 1
1778313726141 0.0007029665808219178 2
1778313757931 0.0006998627999999999 3
1778313789822 0.0006951504 4
1778313822327 0.000690438 5
1778313854095 0.0006857256 6
1778313885755 0.0006810132 7
1778313917655 0.0006763008000000001 8
1778313949657 0.0006715884 9
1778313981462 0.0006668760000000001 10
1778314013178 0.0006621636 11
1778314044877 0.0006574512 12
1778314076487 0.0006527388 13
1778314108742 0.0006480264 14
1778314141136 0.000643314 15
1778314172984 0.0006386016 16
1778314204876 0.0006338892000000001 17
1778314236859 0.0006291768 18
1778314268417 0.0006244644 19
1778314300320 0.000619752 20
1778314332188 0.0006150395999999999 21
1778314364074 0.0006103271999999999 22
1778314396100 0.0006056148 23
1778314428073 0.0006009024 24
1778314460514 0.00059619 25
1778314491893 0.0005914776000000001 26
1778314525421 0.0005867652000000001 27
1778314557566 0.0005820528000000001 28
1778314589123 0.0005773404 29
1778314621847 0.000572628 30
1778314653790 0.0005679156 31
1778314685246 0.0005632031999999999 32
1778314717931 0.0005584908 33
1778314749952 0.0005537784 34
1778314782240 0.000549066 35
1778314814411 0.0005443536 36
1778314846967 0.0005396412 37
1778314879320 0.0005349288 38
1778314911452 0.0005302164 39
1778314944371 0.0005255040000000001 40
1778314975864 0.0005207916 41
1778315008649 0.0005160792 42
1778315040010 0.0005113668 43
1778315072287 0.0005066544 44
1778315104534 0.000501942 45
1778315137217 0.0004972296000000001 46
1778315169410 0.0004925172 47
1778315202754 0.00048780479999999994 48
1778315236195 0.0004830924 49
1778315269998 0.00047838000000000004 50
1778315302891 0.0004736675999999999 51
1778315335286 0.00046895519999999997 52
1778315369996 0.0004642428000000001 53
1778315402968 0.00045953040000000007 54
1778315437136 0.000454818 55
1778315469239 0.00045010560000000006 56
1778315501374 0.0004453932 57
1778315533468 0.0004406808 58
1778315565745 0.00043596840000000004 59
1778315597177 0.000431256 60
1778315630574 0.00042654359999999997 61
1778315663521 0.0004218312 62
1778315696474 0.0004171188 63
1778315729570 0.0004124063999999999 64
1778315761603 0.00040769399999999995 65
1778315793727 0.0004029816 66
1778315826352 0.0003982692 67
1778315858564 0.00039355680000000004 68
1778315924191 0.0003888444000000001 69
1778315999327 0.00038413200000000003 70
1778316084015 0.00037941959999999997 71
1778316169274 0.0003747072 72
1778316216744 0.0003699948 73
1778316249303 0.00036528239999999995 74
1778316282015 0.00036057 75
1778316314552 0.0003558576 76
1778316376761 0.00035114520000000004 77
1778316430957 0.0003464328 78
1778316475009 0.0003417204000000001 79
1778316509175 0.000337008 80
1778316543320 0.00033229559999999996 81
1778316577594 0.0003275832 82
1778316612071 0.0003228708 83
1778316644843 0.00031815839999999995 84
1778316678131 0.000313446 85
1778316710321 0.0003087336 86
1778316765757 0.00030402120000000004 87
1778316907255 0.00029930880000000003 88
1778317042744 0.00029459639999999997 89
1778317162612 0.000289884 90
1778317327653 0.0002851716 91
1778317574675 0.0002804592 92
1778317789559 0.0002757468 93
1778317909746 0.0002710344 94
1778318035722 0.00026632200000000004 95
1778318157471 0.0002616096 96
1778318275661 0.00025689720000000003 97
1778318399823 0.0002521848 98
1778318519684 0.00024747239999999997 99
1778318642515 0.00024276 100
1778318767721 0.00023804759999999998 101
1778318889201 0.00023333519999999997 102
1778319012574 0.00022862280000000002 103
1778319137836 0.0002239104 104
1778319319323 0.00021919800000000004 105
1778319488917 0.0002144856 106
1778319680332 0.00020977319999999997 107
1778319861143 0.00020506080000000002 108
1778320016752 0.00020034840000000001 109
