1778298333387 0.00023636986301369862 0
1778298368019 0.0004712390219178082 1
1778298400152 0.0007029665808219178 2
1778298432260 0.0006998627999999999 3
1778298464359 0.0006951504 4
1778298496456 0.000690438 5
1778298529767 0.0006857256 6
1778298562436 0.0006810132 7
1778298594852 0.0006763008000000001 8
1778298626769 0.0006715884 9
1778298659892 0.0006668760000000001 10
1778298691739 0.0006621636 11
1778298723784 0.0006574512 12
1778298755529 0.0006527388 13
1778298787561 0.0006480264 14
1778298819806 0.000643314 15
1778298851962 0.0006386016 16
1778298884274 0.0006338892000000001 17
1778298916370 0.0006291768 18
1778298948527 0.0006244644 19
1778298980764 0.000619752 20
1778299012831 0.0006150395999999999 21
1778299044767 0.0006103271999999999 22
1778299076955 0.0006056148 23
1778299109000 0.0006009024 24
1778299141170 0.00059619 25
1778299173207 0.0005914776000000001 26
1778299205221 0.0005867652000000001 27
1778299237425 0.0005820528000000001 28
1778299269536 0.0005773404 29
1778299301164 0.000572628 30
1778299333658 0.0005679156 31
1778299366170 0.0005632031999999999 32
1778299398571 0.0005584908 33
1778299431496 0.0005537784 34
1778299463666 0.000549066 35
1778299496224 0.0005443536 36
1778299528695 0.0005396412 37
1778299561054 0.0005349288 38
1778299594528 0.0005302164 39
1778299627768 0.0005255040000000001 40
1778299661318 0.0005207916 41
1778299694740 0.0005160792 42
1778299728231 0.0005113668 43
1778299761725 0.0005066544 44
1778299795481 0.000501942 45
1778299829027 0.0004972296000000001 46
1778299861525 0.0004925172 47
1778299895182 0.00048780479999999994 48
1778299928617 0.0004830924 49
1778299962229 0.00047838000000000004 50
1778299995388 0.0004736675999999999 51
1778300028939 0.00046895519999999997 52
1778300062116 0.0004642428000000001 53
1778300095806 0.00045953040000000007 54
1778300128856 0.000454818 55
1778300161398 0.00045010560000000006 56
1778300193645 0.0004453932 57
1778300225893 0.0004406808 58
1778300258411 0.00043596840000000004 59
1778300290932 0.000431256 60
1778300323639 0.00042654359999999997 61
1778300355948 0.0004218312 62
1778300388097 0.0004171188 63
1778300420055 0.0004124063999999999 64
1778300452238 0.00040769399999999995 65
1778300484383 0.0004029816 66
1778300516399 0.0003982692 67
1778300548584 0.00039355680000000004 68
1778300580927 0.0003888444000000001 69
1778300612882 0.00038413200000000003 70
1778300645091 0.00037941959999999997 71
1778300677317 0.0003747072 72
1778300709447 0.0003699948 73
1778300741411 0.00036528239999999995 74
1778300773462 0.00036057 75
1778300806921 0.0003558576 76
1778300839736 0.00035114520000000004 77
1778300873018 0.0003464328 78
1778300905430 0.0003417204000000001 79
1778300937361 0.000337008 80
1778300969513 0.00033229559999999996 81
1778301001807 0.0003275832 82
1778301034318 0.0003228708 83
1778301066585 0.00031815839999999995 84
1778301098834 0.000313446 85
1778301131417 0.0003087336 86
1778301165140 0.00030402120000000004 87
1778301198735 0.00029930880000000003 88
1778301232187 0.00029459639999999997 89
1778301265165 0.000289884 90
1778301297082 0.0002851716 91
1778301329499 0.0002804592 92
1778301362052 0.0002757468 93
1778301394492 0.0002710344 94
1778301426693 0.00026632200000000004 95
1778301460048 0.0002616096 96
1778301492523 0.00025689720000000003 97
1778301525767 0.0002521848 98
1778301559275 0.00024747239999999997 99
1778301592395 0.00024276 100
1778301625574 0.00023804759999999998 101
1778301658970 0.00023333519999999997 102
1778301691454 0.00022862280000000002 103
1778301723453 0.0002239104 104
1778301756013 0.00021919800000000004 105
1778301789679 0.0002144856 106
1778301822499 0.00020977319999999997 107
1778301856135 0.00020506080000000002 108
1778301889556 0.00020034840000000001 109
1778301922734 0.00019563600000000006 110
1778301956273 0.00019092360000000003 111
1778301989990 0.0001862112 112
1778302023529 0.00018149880000000002 113
1778302056174 0.00017678639999999999 114
1778302088513 0.00017207399999999998 115
1778302120807 0.00016736160000000003 116
1778302153772 0.0001626492 117
1778302186852 0.00015793680000000002 118
1778302220135 0.0001532244 119
1778302253822 0.00014851199999999998 120
1778302287757 0.00014379960000000003 121
1778302321939 0.0001390872 122
1778302355189 0.00013437480000000004 123
1778302388345 0.0001296624 124
1778302420810 0.00012494999999999997 125
1778302453010 0.00012023760000000004 126
1778302484833 0.0001155252 127
1778302517105 0.00011081279999999997 128
1778302549214 0.0001061004 129
1778302581600 0.00010138799999999999 130
1778302614355 9.667560000000003e-05 131
1778302646774 9.19632e-05 132
1778302680252 8.725079999999997e-05 133
1778302714659 8.25384e-05 134
1778302748611 7.782599999999998e-05 135
1778302782131 7.311360000000003e-05 136
1778302814957 6.84012e-05 137
1778302847760 6.368879999999998e-05 138
1778302880679 5.8976400000000014e-05 139
1778302913248 5.426399999999999e-05 140
1778302946110 4.9551600000000036e-05 141
1778302980444 4.483920000000001e-05 142
1778303014785 4.012679999999998e-05 143
1778303048974 3.541440000000003e-05 144
1778303083229 3.0702e-05 145
1778303116591 2.5989599999999965e-05 146
1778303150404 2.1277200000000014e-05 147
1778303184161 1.6564799999999984e-05 148
1778303218067 1.185240000000003e-05 149
