1778298337435 0.0001 0
1778298369717 9e-05 1
1778298401862 0.0001 2
1778298433975 0.0001 3
1778298466147 0.0001 4
1778298498225 0.0001 5
1778298531504 0.0001 6
1778298564174 9e-05 7
1778298596628 0.0001 8
1778298628690 0.0001 9
1778298661602 0.0001 10
1778298693442 9e-05 11
1778298725487 9e-05 12
1778298757249 0.0001 13
1778298789263 0.0001 14
1778298821498 0.00011 15
1778298853670 0.0001 16
1778298885964 0.0001 17
1778298918067 9e-05 18
1778298950431 0.0001 19
1778298982527 0.0001 20
1778299014590 0.0001 21
1778299046468 9e-05 22
1778299078650 0.00011 23
1778299110690 9e-05 24
1778299142875 0.0001 25
1778299174927 0.0001 26
1778299206925 9e-05 27
1778299239119 0.0001 28
1778299271230 0.0001 29
1778299303104 0.0001 30
1778299335365 0.0001 31
1778299367873 0.0001 32
1778299400341 0.0001 33
1778299433211 0.0001 34
1778299465380 0.0001 35
1778299497991 0.0001 36
1778299530437 0.0001 37
1778299562863 0.0001 38
1778299596389 0.0001 39
1778299629629 9e-05 40
1778299663216 0.0001 41
1778299696537 0.0001 42
1778299730336 0.0001 43
1778299763476 0.0001 44
1778299797209 9e-05 45
1778299830752 0.0001 46
1778299863300 0.0001 47
1778299896964 0.0001 48
1778299930358 0.0001 49
1778299963976 0.0001 50
1778299997147 0.0001 51
1778300030689 0.0001 52
1778300063850 9e-05 53
1778300097571 0.0001 54
1778300130602 0.0001 55
1778300163106 9e-05 56
1778300195349 0.0001 57
1778300227601 9e-05 58
1778300260127 9e-05 59
1778300292640 9e-05 60
1778300325567 0.0001 61
1778300357654 0.00013 62
1778300389796 0.0001 63
1778300421763 9e-05 64
1778300453946 9e-05 65
1778300486100 0.0001 66
1778300518094 9e-05 67
1778300550281 0.0001 68
1778300582629 0.0001 69
1778300614606 9e-05 70
1778300646802 0.0001 71
1778300679013 0.0001 72
1778300711151 9e-05 73
1778300743204 9e-05 74
1778300775388 0.0001 75
1778300808622 9e-05 76
1778300841440 0.0001 77
1778300874723 0.00011 78
1778300907204 0.0001 79
1778300939058 0.0001 80
1778300971249 0.0001 81
1778301003540 0.0001 82
1778301036046 9e-05 83
1778301068288 0.0001 84
1778301100660 0.0001 85
1778301133249 9e-05 86
1778301166987 9e-05 87
1778301200442 0.0001 88
1778301233896 0.0001 89
1778301266856 0.0001 90
1778301298882 0.0001 91
1778301331402 0.00011 92
1778301363953 9e-05 93
1778301396197 9e-05 94
1778301428389 0.0001 95
1778301461756 0.0001 96
1778301494241 0.0001 97
1778301527476 0.0001 98
1778301560987 0.00013 99
1778301594093 0.0001 100
1778301627297 0.0001 101
1778301660680 0.0001 102
1778301693234 0.0001 103
1778301725166 0.0001 104
1778301757742 0.0001 105
1778301791406 9e-05 106
1778301824249 9e-05 107
1778301857884 9e-05 108
1778301891552 0.0001 109
1778301924663 0.0001 110
1778301958008 0.0001 111
1778301991723 0.0001 112
1778302025270 0.0001 113
1778302057892 9e-05 114
1778302090208 9e-05 115
1778302122507 0.0001 116
1778302155487 9e-05 117
1778302188557 9e-05 118
1778302221877 0.0001 119
1778302255571 0.0001 120
1778302289699 0.0001 121
1778302323682 9e-05 122
1778302356912 0.0001 123
1778302390051 9e-05 124
1778302422517 0.0001 125
1778302454718 0.0001 126
1778302486550 9e-05 127
1778302518827 0.0001 128
1778302550929 0.0001 129
1778302583537 0.0001 130
1778302616121 0.0001 131
1778302648491 0.0001 132
1778302681972 9e-05 133
1778302716420 0.0001 134
1778302750371 0.0001 135
1778302783845 0.0001 136
1778302816679 0.0001 137
1778302849464 0.0001 138
1778302882400 9e-05 139
1778302915011 0.0001 140
1778302948248 0.0001 141
1778302982210 0.0001 142
1778303016539 0.0001 143
1778303050738 9e-05 144
1778303084978 0.0001 145
1778303118351 0.0001 146
1778303152139 9e-05 147
1778303185905 0.0001 148
1778303219806 0.0001 149
1778303224618 9.925873743119322e-05 149
