1778298337435 0.00191 0
1778298369717 0.0015 1
1778298401862 0.00157 2
1778298433975 0.00205 3
1778298466147 0.00183 4
1778298498225 0.00197 5
1778298531504 0.00155 6
1778298564174 0.00147 7
1778298596628 0.00151 8
1778298628690 0.00195 9
1778298661602 0.00192 10
1778298693442 0.00181 11
1778298725487 0.00152 12
1778298757249 0.00152 13
1778298789263 0.0019 14
1778298821498 0.0016 15
1778298853670 0.00147 16
1778298885964 0.00186 17
1778298918067 0.00151 18
1778298950431 0.00149 19
1778298982527 0.00155 20
1778299014590 0.00183 21
1778299046468 0.00155 22
1778299078650 0.00156 23
1778299110690 0.00158 24
1778299142875 0.00192 25
1778299174927 0.00148 26
1778299206925 0.00177 27
1778299239119 0.00177 28
1778299271230 0.00143 29
1778299303104 0.00196 30
1778299335365 0.00197 31
1778299367873 0.00157 32
1778299400341 0.00146 33
1778299433211 0.00201 34
1778299465380 0.00158 35
1778299497991 0.00185 36
1778299530437 0.00152 37
1778299562863 0.00183 38
1778299596389 0.00156 39
1778299629629 0.0015 40
1778299663216 0.00147 41
1778299696537 0.0016 42
1778299730336 0.00154 43
1778299763476 0.00158 44
1778299797209 0.00166 45
1778299830752 0.00187 46
1778299863300 0.00168 47
1778299896964 0.00179 48
1778299930358 0.00168 49
1778299963976 0.00178 50
1778299997147 0.00194 51
1778300030689 0.00191 52
1778300063850 0.00172 53
1778300097571 0.00147 54
1778300130602 0.00161 55
1778300163106 0.00184 56
1778300195349 0.00153 57
1778300227601 0.00184 58
1778300260127 0.00168 59
1778300292640 0.00187 60
1778300325567 0.00197 61
1778300357654 0.00167 62
1778300389796 0.00166 63
1778300421763 0.00164 64
1778300453946 0.00148 65
1778300486100 0.00163 66
1778300518094 0.00166 67
1778300550281 0.00153 68
1778300582629 0.00185 69
1778300614606 0.00163 70
1778300646802 0.00144 71
1778300679013 0.0018 72
1778300711151 0.00161 73
1778300743204 0.00187 74
1778300775388 0.00166 75
1778300808622 0.0015 76
1778300841440 0.00155 77
1778300874723 0.00186 78
1778300907204 0.00145 79
1778300939058 0.00147 80
1778300971249 0.00154 81
1778301003540 0.0016 82
1778301036046 0.00152 83
1778301068288 0.00147 84
1778301100660 0.00201 85
1778301133249 0.00146 86
1778301166987 0.00146 87
1778301200442 0.00162 88
1778301233896 0.00166 89
1778301266856 0.00145 90
1778301298882 0.00205 91
1778301331402 0.00163 92
1778301363953 0.00193 93
1778301396197 0.00156 94
1778301428389 0.00152 95
1778301461756 0.00146 96
1778301494241 0.00152 97
1778301527476 0.00156 98
1778301560987 0.0015 99
1778301594093 0.00158 100
1778301627297 0.00151 101
1778301660680 0.00198 102
1778301693234 0.00199 103
1778301725166 0.00174 104
1778301757742 0.00149 105
1778301791406 0.00166 106
1778301824249 0.00158 107
1778301857884 0.00189 108
1778301891552 0.00147 109
1778301924663 0.0018 110
1778301958008 0.00168 111
1778301991723 0.00154 112
1778302025270 0.00159 113
1778302057892 0.00163 114
1778302090208 0.00158 115
1778302122507 0.00148 116
1778302155487 0.00148 117
1778302188557 0.00146 118
1778302221877 0.00155 119
1778302255571 0.00147 120
1778302289699 0.00163 121
1778302323682 0.0015 122
1778302356912 0.00178 123
1778302390051 0.00199 124
1778302422517 0.00158 125
1778302454718 0.0019 126
1778302486550 0.00165 127
1778302518827 0.00199 128
1778302550929 0.00188 129
1778302583537 0.00163 130
1778302616121 0.00177 131
1778302648491 0.00183 132
1778302681972 0.0015 133
1778302716420 0.00151 134
1778302750371 0.00164 135
1778302783845 0.00157 136
1778302816679 0.00165 137
1778302849464 0.00165 138
1778302882400 0.00196 139
1778302915011 0.00164 140
1778302948248 0.00156 141
1778302982210 0.0019 142
1778303016539 0.00203 143
1778303050738 0.00148 144
1778303084978 0.00148 145
1778303118351 0.00194 146
1778303152139 0.00182 147
1778303185905 0.0016 148
1778303219806 0.00196 149
1778303224618 0.001964281486322817 149
