1778298337435 0.00066 0
1778298369717 0.00048 1
1778298401862 0.00051 2
1778298433975 0.00066 3
1778298466147 0.00062 4
1778298498225 0.00066 5
1778298531504 0.00048 6
1778298564174 0.00046 7
1778298596628 0.00048 8
1778298628690 0.00065 9
1778298661602 0.00065 10
1778298693442 0.00062 11
1778298725487 0.00049 12
1778298757249 0.00048 13
1778298789263 0.00064 14
1778298821498 0.00048 15
1778298853670 0.00049 16
1778298885964 0.00064 17
1778298918067 0.00049 18
1778298950431 0.00047 19
1778298982527 0.00049 20
1778299014590 0.00064 21
1778299046468 0.00049 22
1778299078650 0.0005 23
1778299110690 0.00049 24
1778299142875 0.00062 25
1778299174927 0.00048 26
1778299206925 0.00062 27
1778299239119 0.00063 28
1778299271230 0.00047 29
1778299303104 0.00065 30
1778299335365 0.00065 31
1778299367873 0.00049 32
1778299400341 0.00049 33
1778299433211 0.00067 34
1778299465380 0.00049 35
1778299497991 0.00065 36
1778299530437 0.0005 37
1778299562863 0.00064 38
1778299596389 0.00047 39
1778299629629 0.00048 40
1778299663216 0.00049 41
1778299696537 0.00049 42
1778299730336 0.00049 43
1778299763476 0.00048 44
1778299797209 0.0005 45
1778299830752 0.00064 46
1778299863300 0.00051 47
1778299896964 0.00064 48
1778299930358 0.00051 49
1778299963976 0.00063 50
1778299997147 0.00063 51
1778300030689 0.00063 52
1778300063850 0.00053 53
1778300097571 0.00048 54
1778300130602 0.00048 55
1778300163106 0.00064 56
1778300195349 0.00048 57
1778300227601 0.00063 58
1778300260127 0.00049 59
1778300292640 0.00063 60
1778300325567 0.00067 61
1778300357654 0.0005 62
1778300389796 0.00049 63
1778300421763 0.00047 64
1778300453946 0.00048 65
1778300486100 0.0005 66
1778300518094 0.00049 67
1778300550281 0.00049 68
1778300582629 0.00064 69
1778300614606 0.00049 70
1778300646802 0.00048 71
1778300679013 0.00063 72
1778300711151 0.00048 73
1778300743204 0.00064 74
1778300775388 0.00049 75
1778300808622 0.00047 76
1778300841440 0.00048 77
1778300874723 0.00065 78
1778300907204 0.00047 79
1778300939058 0.00048 80
1778300971249 0.00049 81
1778301003540 0.00049 82
1778301036046 0.00049 83
1778301068288 0.00049 84
1778301100660 0.00066 85
1778301133249 0.00047 86
1778301166987 0.00046 87
1778301200442 0.00049 88
1778301233896 0.00053 89
1778301266856 0.00047 90
1778301298882 0.00066 91
1778301331402 0.00049 92
1778301363953 0.00065 93
1778301396197 0.00049 94
1778301428389 0.00049 95
1778301461756 0.00047 96
1778301494241 0.00049 97
1778301527476 0.00049 98
1778301560987 0.00048 99
1778301594093 0.0005 100
1778301627297 0.00048 101
1778301660680 0.00066 102
1778301693234 0.00065 103
1778301725166 0.00062 104
1778301757742 0.00049 105
1778301791406 0.00047 106
1778301824249 0.00049 107
1778301857884 0.00064 108
1778301891552 0.00048 109
1778301924663 0.00063 110
1778301958008 0.00051 111
1778301991723 0.00046 112
1778302025270 0.0005 113
1778302057892 0.00048 114
1778302090208 0.00048 115
1778302122507 0.00048 116
1778302155487 0.00048 117
1778302188557 0.00048 118
1778302221877 0.00047 119
1778302255571 0.00049 120
1778302289699 0.00048 121
1778302323682 0.00047 122
1778302356912 0.00062 123
1778302390051 0.00065 124
1778302422517 0.00048 125
1778302454718 0.00065 126
1778302486550 0.0005 127
1778302518827 0.00065 128
1778302550929 0.00063 129
1778302583537 0.0005 130
1778302616121 0.00063 131
1778302648491 0.00065 132
1778302681972 0.00047 133
1778302716420 0.00047 134
1778302750371 0.00049 135
1778302783845 0.0005 136
1778302816679 0.0005 137
1778302849464 0.00049 138
1778302882400 0.00064 139
1778302915011 0.0005 140
1778302948248 0.00048 141
1778302982210 0.00064 142
1778303016539 0.00066 143
1778303050738 0.00046 144
1778303084978 0.00048 145
1778303118351 0.00065 146
1778303152139 0.00063 147
1778303185905 0.00049 148
1778303219806 0.00066 149
1778303224618 0.0006693704336863393 149
