1778298337435 0.02088 0
1778298369717 0.02063 1
1778298401862 0.01951 2
1778298433975 0.0207 3
1778298466147 0.02152 4
1778298498225 0.01983 5
1778298531504 0.02014 6
1778298564174 0.01975 7
1778298596628 0.02093 8
1778298628690 0.02035 9
1778298661602 0.02133 10
1778298693442 0.01965 11
1778298725487 0.01871 12
1778298757249 0.02198 13
1778298789263 0.02221 14
1778298821498 0.02262 15
1778298853670 0.01789 16
1778298885964 0.02019 17
1778298918067 0.01871 18
1778298950431 0.0189 19
1778298982527 0.01816 20
1778299014590 0.02068 21
1778299046468 0.0195 22
1778299078650 0.02126 23
1778299110690 0.01999 24
1778299142875 0.02005 25
1778299174927 0.01961 26
1778299206925 0.02064 27
1778299239119 0.02028 28
1778299271230 0.01947 29
1778299303104 0.0201 30
1778299335365 0.01904 31
1778299367873 0.02082 32
1778299400341 0.01934 33
1778299433211 0.02115 34
1778299465380 0.02046 35
1778299497991 0.01908 36
1778299530437 0.02133 37
1778299562863 0.02109 38
1778299596389 0.02057 39
1778299629629 0.02014 40
1778299663216 0.01935 41
1778299696537 0.0195 42
1778299730336 0.02021 43
1778299763476 0.01931 44
1778299797209 0.02051 45
1778299830752 0.02081 46
1778299863300 0.02065 47
1778299896964 0.02167 48
1778299930358 0.02002 49
1778299963976 0.0211 50
1778299997147 0.02156 51
1778300030689 0.02002 52
1778300063850 0.02093 53
1778300097571 0.02043 54
1778300130602 0.01958 55
1778300163106 0.01995 56
1778300195349 0.02204 57
1778300227601 0.02009 58
1778300260127 0.0193 59
1778300292640 0.02117 60
1778300325567 0.01948 61
1778300357654 0.01933 62
1778300389796 0.02153 63
1778300421763 0.02194 64
1778300453946 0.02042 65
1778300486100 0.01969 66
1778300518094 0.02022 67
1778300550281 0.0217 68
1778300582629 0.02056 69
1778300614606 0.01893 70
1778300646802 0.01885 71
1778300679013 0.01977 72
1778300711151 0.0171 73
1778300743204 0.02033 74
1778300775388 0.02 75
1778300808622 0.01976 76
1778300841440 0.02125 77
1778300874723 0.01989 78
1778300907204 0.02038 79
1778300939058 0.01821 80
1778300971249 0.02092 81
1778301003540 0.02037 82
1778301036046 0.01894 83
1778301068288 0.01922 84
1778301100660 0.01929 85
1778301133249 0.0197 86
1778301166987 0.02037 87
1778301200442 0.02076 88
1778301233896 0.0198 89
1778301266856 0.02049 90
1778301298882 0.0195 91
1778301331402 0.02071 92
1778301363953 0.01837 93
1778301396197 0.01981 94
1778301428389 0.02044 95
1778301461756 0.02002 96
1778301494241 0.02056 97
1778301527476 0.02027 98
1778301560987 0.01953 99
1778301594093 0.02003 100
1778301627297 0.02051 101
1778301660680 0.01954 102
1778301693234 0.01941 103
1778301725166 0.0219 104
1778301757742 0.02077 105
1778301791406 0.01896 106
1778301824249 0.01868 107
1778301857884 0.02047 108
1778301891552 0.01991 109
1778301924663 0.01992 110
1778301958008 0.02041 111
1778301991723 0.02063 112
1778302025270 0.02001 113
1778302057892 0.02107 114
1778302090208 0.01878 115
1778302122507 0.02129 116
1778302155487 0.01854 117
1778302188557 0.0201 118
1778302221877 0.02009 119
1778302255571 0.01954 120
1778302289699 0.02094 121
1778302323682 0.01962 122
1778302356912 0.02341 123
1778302390051 0.01987 124
1778302422517 0.02092 125
1778302454718 0.02055 126
1778302486550 0.0189 127
1778302518827 0.02015 128
1778302550929 0.01931 129
1778302583537 0.01966 130
1778302616121 0.01949 131
1778302648491 0.01934 132
1778302681972 0.01827 133
1778302716420 0.01932 134
1778302750371 0.01983 135
1778302783845 0.01906 136
1778302816679 0.01953 137
1778302849464 0.02119 138
1778302882400 0.01976 139
1778302915011 0.01906 140
1778302948248 0.01947 141
1778302982210 0.01977 142
1778303016539 0.02094 143
1778303050738 0.01903 144
1778303084978 0.0192 145
1778303118351 0.02094 146
1778303152139 0.01904 147
1778303185905 0.01981 148
1778303219806 0.02018 149
1778303224618 0.01990466323468758 149
