1778298337435 0.0279 0
1778298369717 0.02834 1
1778298401862 0.02533 2
1778298433975 0.02703 3
1778298466147 0.02752 4
1778298498225 0.02573 5
1778298531504 0.02629 6
1778298564174 0.02595 7
1778298596628 0.02711 8
1778298628690 0.02691 9
1778298661602 0.02453 10
1778298693442 0.02413 11
1778298725487 0.02659 12
1778298757249 0.02659 13
1778298789263 0.02695 14
1778298821498 0.02892 15
1778298853670 0.02396 16
1778298885964 0.02653 17
1778298918067 0.02546 18
1778298950431 0.02429 19
1778298982527 0.02581 20
1778299014590 0.02503 21
1778299046468 0.02558 22
1778299078650 0.02948 23
1778299110690 0.02561 24
1778299142875 0.02518 25
1778299174927 0.02481 26
1778299206925 0.02731 27
1778299239119 0.02693 28
1778299271230 0.02662 29
1778299303104 0.0251 30
1778299335365 0.02414 31
1778299367873 0.026 32
1778299400341 0.0266 33
1778299433211 0.02751 34
1778299465380 0.02546 35
1778299497991 0.02505 36
1778299530437 0.02877 37
1778299562863 0.02672 38
1778299596389 0.02438 39
1778299629629 0.02636 40
1778299663216 0.02675 41
1778299696537 0.02564 42
1778299730336 0.02513 43
1778299763476 0.0264 44
1778299797209 0.02705 45
1778299830752 0.02617 46
1778299863300 0.026 47
1778299896964 0.02777 48
1778299930358 0.02535 49
1778299963976 0.02694 50
1778299997147 0.02583 51
1778300030689 0.02584 52
1778300063850 0.02744 53
1778300097571 0.0255 54
1778300130602 0.0244 55
1778300163106 0.02574 56
1778300195349 0.02725 57
1778300227601 0.02499 58
1778300260127 0.02569 59
1778300292640 0.02736 60
1778300325567 0.02546 61
1778300357654 0.02502 62
1778300389796 0.02741 63
1778300421763 0.02719 64
1778300453946 0.02693 65
1778300486100 0.02663 66
1778300518094 0.02536 67
1778300550281 0.02757 68
1778300582629 0.02721 69
1778300614606 0.02594 70
1778300646802 0.02649 71
1778300679013 0.02514 72
1778300711151 0.024 73
1778300743204 0.02476 74
1778300775388 0.02417 75
1778300808622 0.02708 76
1778300841440 0.02807 77
1778300874723 0.02588 78
1778300907204 0.02497 79
1778300939058 0.02738 80
1778300971249 0.02783 81
1778301003540 0.02471 82
1778301036046 0.02694 83
1778301068288 0.02684 84
1778301100660 0.02511 85
1778301133249 0.02699 86
1778301166987 0.02697 87
1778301200442 0.02552 88
1778301233896 0.02592 89
1778301266856 0.02579 90
1778301298882 0.02647 91
1778301331402 0.02673 92
1778301363953 0.02515 93
1778301396197 0.0249 94
1778301428389 0.02646 95
1778301461756 0.02536 96
1778301494241 0.02623 97
1778301527476 0.02717 98
1778301560987 0.02551 99
1778301594093 0.02707 100
1778301627297 0.02721 101
1778301660680 0.02499 102
1778301693234 0.0253 103
1778301725166 0.02661 104
1778301757742 0.02796 105
1778301791406 0.02654 106
1778301824249 0.0246 107
1778301857884 0.02457 108
1778301891552 0.02557 109
1778301924663 0.02487 110
1778301958008 0.02668 111
1778301991723 0.0263 112
1778302025270 0.02591 113
1778302057892 0.02808 114
1778302090208 0.02591 115
1778302122507 0.02704 116
1778302155487 0.0267 117
1778302188557 0.02663 118
1778302221877 0.02527 119
1778302255571 0.02682 120
1778302289699 0.02456 121
1778302323682 0.02653 122
1778302356912 0.02685 123
1778302390051 0.02589 124
1778302422517 0.02514 125
1778302454718 0.02665 126
1778302486550 0.02489 127
1778302518827 0.026 128
1778302550929 0.02614 129
1778302583537 0.02482 130
1778302616121 0.02495 131
1778302648491 0.02557 132
1778302681972 0.02407 133
1778302716420 0.02482 134
1778302750371 0.02536 135
1778302783845 0.02657 136
1778302816679 0.02714 137
1778302849464 0.02826 138
1778302882400 0.02606 139
1778302915011 0.0269 140
1778302948248 0.02492 141
1778302982210 0.02531 142
1778303016539 0.02648 143
1778303050738 0.02629 144
1778303084978 0.02693 145
1778303118351 0.02592 146
1778303152139 0.02464 147
1778303185905 0.02585 148
1778303219806 0.02646 149
1778303224618 0.025773330508054818 149
