1778298337435 0.00844 0
1778298369717 0.00899 1
1778298401862 0.00792 2
1778298433975 0.00824 3
1778298466147 0.00859 4
1778298498225 0.00802 5
1778298531504 0.00855 6
1778298564174 0.0077 7
1778298596628 0.00871 8
1778298628690 0.00885 9
1778298661602 0.00763 10
1778298693442 0.00712 11
1778298725487 0.00784 12
1778298757249 0.00839 13
1778298789263 0.00766 14
1778298821498 0.00883 15
1778298853670 0.00766 16
1778298885964 0.00839 17
1778298918067 0.00835 18
1778298950431 0.00803 19
1778298982527 0.00893 20
1778299014590 0.00814 21
1778299046468 0.00788 22
1778299078650 0.00902 23
1778299110690 0.00822 24
1778299142875 0.00792 25
1778299174927 0.00788 26
1778299206925 0.00837 27
1778299239119 0.00865 28
1778299271230 0.00821 29
1778299303104 0.00792 30
1778299335365 0.0077 31
1778299367873 0.00792 32
1778299400341 0.00871 33
1778299433211 0.00782 34
1778299465380 0.00838 35
1778299497991 0.00818 36
1778299530437 0.00877 37
1778299562863 0.00837 38
1778299596389 0.00709 39
1778299629629 0.00821 40
1778299663216 0.00827 41
1778299696537 0.00792 42
1778299730336 0.00842 43
1778299763476 0.00831 44
1778299797209 0.00855 45
1778299830752 0.00833 46
1778299863300 0.00876 47
1778299896964 0.00805 48
1778299930358 0.0075 49
1778299963976 0.00784 50
1778299997147 0.00818 51
1778300030689 0.00794 52
1778300063850 0.00847 53
1778300097571 0.00742 54
1778300130602 0.00778 55
1778300163106 0.00822 56
1778300195349 0.00849 57
1778300227601 0.00784 58
1778300260127 0.00825 59
1778300292640 0.0084 60
1778300325567 0.00822 61
1778300357654 0.00827 62
1778300389796 0.00859 63
1778300421763 0.00824 64
1778300453946 0.00857 65
1778300486100 0.00865 66
1778300518094 0.00776 67
1778300550281 0.00934 68
1778300582629 0.00855 69
1778300614606 0.00797 70
1778300646802 0.00799 71
1778300679013 0.00788 72
1778300711151 0.00778 73
1778300743204 0.00739 74
1778300775388 0.00728 75
1778300808622 0.00831 76
1778300841440 0.00847 77
1778300874723 0.00808 78
1778300907204 0.00802 79
1778300939058 0.00865 80
1778300971249 0.00865 81
1778301003540 0.00762 82
1778301036046 0.00825 83
1778301068288 0.00853 84
1778301100660 0.00843 85
1778301133249 0.0092 86
1778301166987 0.00803 87
1778301200442 0.0078 88
1778301233896 0.00818 89
1778301266856 0.00792 90
1778301298882 0.00842 91
1778301331402 0.00814 92
1778301363953 0.00794 93
1778301396197 0.00766 94
1778301428389 0.00798 95
1778301461756 0.00811 96
1778301494241 0.00762 97
1778301527476 0.00905 98
1778301560987 0.00804 99
1778301594093 0.00831 100
1778301627297 0.00838 101
1778301660680 0.00788 102
1778301693234 0.00852 103
1778301725166 0.00838 104
1778301757742 0.00911 105
1778301791406 0.00827 106
1778301824249 0.00825 107
1778301857884 0.00788 108
1778301891552 0.00819 109
1778301924663 0.00758 110
1778301958008 0.00859 111
1778301991723 0.00873 112
1778302025270 0.00834 113
1778302057892 0.00869 114
1778302090208 0.00797 115
1778302122507 0.00819 116
1778302155487 0.00831 117
1778302188557 0.00847 118
1778302221877 0.00764 119
1778302255571 0.00814 120
1778302289699 0.00739 121
1778302323682 0.00821 122
1778302356912 0.00841 123
1778302390051 0.00787 124
1778302422517 0.00734 125
1778302454718 0.00827 126
1778302486550 0.00821 127
1778302518827 0.00799 128
1778302550929 0.00848 129
1778302583537 0.00782 130
1778302616121 0.00782 131
1778302648491 0.00817 132
1778302681972 0.00745 133
1778302716420 0.00784 134
1778302750371 0.00828 135
1778302783845 0.00831 136
1778302816679 0.00874 137
1778302849464 0.00903 138
1778302882400 0.00848 139
1778302915011 0.00827 140
1778302948248 0.00766 141
1778302982210 0.00828 142
1778303016539 0.0082 143
1778303050738 0.0082 144
1778303084978 0.00851 145
1778303118351 0.00838 146
1778303152139 0.00778 147
1778303185905 0.00817 148
1778303219806 0.00827 149
1778303224618 0.008216076335691755 149
