1778256892872 0.00023636986301369862 0
1778256922201 0.0004712390219178082 1
1778256949504 0.0007029665808219178 2
1778256976459 0.0006998627999999999 3
1778257003254 0.0006951504 4
1778257030171 0.000690438 5
1778257056796 0.0006857256 6
1778257083569 0.0006810132 7
1778257110406 0.0006763008000000001 8
1778257137493 0.0006715884 9
1778257164894 0.0006668760000000001 10
1778257191637 0.0006621636 11
1778257218341 0.0006574512 12
1778257245106 0.0006527388 13
1778257271885 0.0006480264 14
1778257298832 0.000643314 15
1778257325621 0.0006386016 16
1778257351578 0.0006338892000000001 17
1778257378448 0.0006291768 18
1778257404674 0.0006244644 19
1778257431730 0.000619752 20
1778257458426 0.0006150395999999999 21
1778257485052 0.0006103271999999999 22
1778257511973 0.0006056148 23
1778257538696 0.0006009024 24
1778257565284 0.00059619 25
1778257591897 0.0005914776000000001 26
1778257618521 0.0005867652000000001 27
1778257645069 0.0005820528000000001 28
1778257671593 0.0005773404 29
1778257698353 0.000572628 30
1778257725675 0.0005679156 31
1778257752476 0.0005632031999999999 32
1778257779298 0.0005584908 33
1778257805822 0.0005537784 34
1778257832187 0.000549066 35
1778257858535 0.0005443536 36
1778257885149 0.0005396412 37
1778257911493 0.0005349288 38
1778257938191 0.0005302164 39
1778257964947 0.0005255040000000001 40
1778257991803 0.0005207916 41
1778258018717 0.0005160792 42
1778258045911 0.0005113668 43
1778258073050 0.0005066544 44
1778258099277 0.000501942 45
1778258126258 0.0004972296000000001 46
1778258153375 0.0004925172 47
1778258180412 0.00048780479999999994 48
1778258207623 0.0004830924 49
1778258234823 0.00047838000000000004 50
1778258261879 0.0004736675999999999 51
1778258288683 0.00046895519999999997 52
1778258315624 0.0004642428000000001 53
1778258342790 0.00045953040000000007 54
1778258370158 0.000454818 55
1778258397266 0.00045010560000000006 56
1778258424453 0.0004453932 57
1778258451479 0.0004406808 58
1778258478604 0.00043596840000000004 59
1778258505452 0.000431256 60
1778258532426 0.00042654359999999997 61
1778258559519 0.0004218312 62
1778258586423 0.0004171188 63
1778258613595 0.0004124063999999999 64
1778258641042 0.00040769399999999995 65
1778258668246 0.0004029816 66
1778258695145 0.0003982692 67
1778258722118 0.00039355680000000004 68
1778258748955 0.0003888444000000001 69
1778258775806 0.00038413200000000003 70
1778258802982 0.00037941959999999997 71
1778258829759 0.0003747072 72
1778258855795 0.0003699948 73
1778258882135 0.00036528239999999995 74
1778258907976 0.00036057 75
1778258933668 0.0003558576 76
1778258959427 0.00035114520000000004 77
1778258986285 0.0003464328 78
1778259013024 0.0003417204000000001 79
1778259039987 0.000337008 80
1778259066776 0.00033229559999999996 81
1778259093122 0.0003275832 82
1778259117953 0.0003228708 83
1778259144430 0.00031815839999999995 84
1778259170783 0.000313446 85
1778259196746 0.0003087336 86
1778259222167 0.00030402120000000004 87
1778259247687 0.00029930880000000003 88
1778259273376 0.00029459639999999997 89
1778259298631 0.000289884 90
1778259324741 0.0002851716 91
1778259350642 0.0002804592 92
1778259376713 0.0002757468 93
1778259403094 0.0002710344 94
1778259429804 0.00026632200000000004 95
1778259455897 0.0002616096 96
1778259482304 0.00025689720000000003 97
1778259508809 0.0002521848 98
1778259534887 0.00024747239999999997 99
1778259561412 0.00024276 100
1778259585800 0.00023804759999999998 101
1778259611075 0.00023333519999999997 102
1778259636277 0.00022862280000000002 103
1778259661778 0.0002239104 104
1778259687171 0.00021919800000000004 105
1778259712346 0.0002144856 106
1778259737667 0.00020977319999999997 107
1778259762967 0.00020506080000000002 108
1778259788087 0.00020034840000000001 109
1778259813196 0.00019563600000000006 110
1778259838557 0.00019092360000000003 111
1778259864250 0.0001862112 112
1778259889646 0.00018149880000000002 113
1778259914648 0.00017678639999999999 114
1778259939850 0.00017207399999999998 115
1778259965119 0.00016736160000000003 116
1778259990328 0.0001626492 117
1778260015752 0.00015793680000000002 118
1778260040929 0.0001532244 119
1778260066505 0.00014851199999999998 120
1778260092031 0.00014379960000000003 121
1778260117731 0.0001390872 122
1778260142894 0.00013437480000000004 123
1778260168509 0.0001296624 124
1778260194023 0.00012494999999999997 125
1778260219477 0.00012023760000000004 126
1778260245108 0.0001155252 127
1778260270297 0.00011081279999999997 128
1778260295893 0.0001061004 129
1778260321885 0.00010138799999999999 130
1778260347456 9.667560000000003e-05 131
1778260372463 9.19632e-05 132
1778260398069 8.725079999999997e-05 133
1778260423765 8.25384e-05 134
1778260449438 7.782599999999998e-05 135
1778260474761 7.311360000000003e-05 136
1778260500161 6.84012e-05 137
1778260525547 6.368879999999998e-05 138
1778260551031 5.8976400000000014e-05 139
1778260577437 5.426399999999999e-05 140
1778260602743 4.9551600000000036e-05 141
1778260628460 4.483920000000001e-05 142
1778260654136 4.012679999999998e-05 143
1778260679770 3.541440000000003e-05 144
1778260704441 3.0702e-05 145
1778260730398 2.5989599999999965e-05 146
1778260755986 2.1277200000000014e-05 147
1778260781602 1.6564799999999984e-05 148
1778260806790 1.185240000000003e-05 149
