1778256892872 2.04749 0
1778256922201 2.03571 1
1778256949504 2.04508 2
1778256976459 2.03779 3
1778257003254 2.03436 4
1778257030171 2.04089 5
1778257056796 2.03881 6
1778257083569 2.02688 7
1778257110406 2.03069 8
1778257137493 2.03866 9
1778257164894 2.04187 10
1778257191637 2.03658 11
1778257218341 2.03053 12
1778257245106 2.05546 13
1778257271885 2.04223 14
1778257298832 2.039 15
1778257325621 2.04016 16
1778257351578 2.03561 17
1778257378448 2.03065 18
1778257404674 2.03891 19
1778257431730 2.02878 20
1778257458426 2.0349 21
1778257485052 2.03033 22
1778257511973 2.03017 23
1778257538696 2.03993 24
1778257565284 2.03365 25
1778257591897 2.03389 26
1778257618521 2.03021 27
1778257645069 2.03649 28
1778257671593 2.04025 29
1778257698353 2.03853 30
1778257725675 2.03171 31
1778257752476 2.0481 32
1778257779298 2.03886 33
1778257805822 2.02572 34
1778257832187 2.03512 35
1778257858535 2.03748 36
1778257885149 2.04005 37
1778257911493 2.02862 38
1778257938191 2.03977 39
1778257964947 2.04406 40
1778257991803 2.04379 41
1778258018717 2.03492 42
1778258045911 2.04215 43
1778258073050 2.036 44
1778258099277 2.02942 45
1778258126258 2.03233 46
1778258153375 2.04038 47
1778258180412 2.03622 48
1778258207623 2.04895 49
1778258234823 2.03252 50
1778258261879 2.04294 51
1778258288683 2.0342 52
1778258315624 2.03914 53
1778258342790 2.04152 54
1778258370158 2.03738 55
1778258397266 2.03345 56
1778258424453 2.03289 57
1778258451479 2.03756 58
1778258478604 2.02885 59
1778258505452 2.03559 60
1778258532426 2.0496 61
1778258559519 2.03841 62
1778258586423 2.03001 63
1778258613595 2.03541 64
1778258641042 2.03174 65
1778258668246 2.03167 66
1778258695145 2.02723 67
1778258722118 2.03638 68
1778258748955 2.05117 69
1778258775806 2.04098 70
1778258802982 2.03498 71
1778258829759 2.03859 72
1778258855795 2.02285 73
1778258882135 2.03572 74
1778258907976 2.02702 75
1778258933668 2.0291 76
1778258959427 2.03851 77
1778258986285 2.03878 78
1778259013024 2.04546 79
1778259039987 2.03719 80
1778259066776 2.03083 81
1778259093122 2.02634 82
1778259117953 2.03079 83
1778259144430 2.03119 84
1778259170783 2.03422 85
1778259196746 2.03495 86
1778259222167 2.03308 87
1778259247687 2.04296 88
1778259273376 2.04177 89
1778259298631 2.03985 90
1778259324741 2.02536 91
1778259350642 2.04945 92
1778259376713 2.02949 93
1778259403094 2.0418 94
1778259429804 2.02539 95
1778259455897 2.04511 96
1778259482304 2.0395 97
1778259508809 2.03389 98
1778259534887 2.03681 99
1778259561412 2.04629 100
1778259585800 2.03795 101
1778259611075 2.03972 102
1778259636277 2.03791 103
1778259661778 2.03549 104
1778259687171 2.02922 105
1778259712346 2.03806 106
1778259737667 2.0306 107
1778259762967 2.03988 108
1778259788087 2.04117 109
1778259813196 2.02562 110
1778259838557 2.02614 111
1778259864250 2.03524 112
1778259889646 2.04253 113
1778259914648 2.0352 114
1778259939850 2.03481 115
1778259965119 2.03829 116
1778259990328 2.03539 117
1778260015752 2.03055 118
1778260040929 2.04104 119
1778260066505 2.0352 120
1778260092031 2.0352 121
1778260117731 2.04114 122
1778260142894 2.04134 123
1778260168509 2.03223 124
1778260194023 2.0409 125
1778260219477 2.04312 126
1778260245108 2.03974 127
1778260270297 2.02427 128
1778260295893 2.03188 129
1778260321885 2.02803 130
1778260347456 2.03383 131
1778260372463 2.0317 132
1778260398069 2.02911 133
1778260423765 2.04216 134
1778260449438 2.03331 135
1778260474761 2.0266 136
1778260500161 2.04241 137
1778260525547 2.04294 138
1778260551031 2.03454 139
1778260577437 2.03948 140
1778260602743 2.04161 141
1778260628460 2.02406 142
1778260654136 2.04011 143
1778260679770 2.04452 144
1778260704441 2.03223 145
1778260730398 2.02536 146
1778260755986 2.03079 147
1778260781602 2.03886 148
1778260806790 2.03749 149
