1778256892872 6.31172 0
1778256922201 6.3373 1
1778256949504 6.32854 2
1778256976459 6.33955 3
1778257003254 6.32828 4
1778257030171 6.3378 5
1778257056796 6.33134 6
1778257083569 6.33672 7
1778257110406 6.32801 8
1778257137493 6.33295 9
1778257164894 6.34074 10
1778257191637 6.33578 11
1778257218341 6.34212 12
1778257245106 6.33276 13
1778257271885 6.34062 14
1778257298832 6.33367 15
1778257325621 6.33867 16
1778257351578 6.33947 17
1778257378448 6.33124 18
1778257404674 6.3251 19
1778257431730 6.33483 20
1778257458426 6.33327 21
1778257485052 6.32692 22
1778257511973 6.33987 23
1778257538696 6.33212 24
1778257565284 6.33173 25
1778257591897 6.33007 26
1778257618521 6.3337 27
1778257645069 6.33847 28
1778257671593 6.33229 29
1778257698353 6.34443 30
1778257725675 6.33787 31
1778257752476 6.33493 32
1778257779298 6.34358 33
1778257805822 6.33065 34
1778257832187 6.33877 35
1778257858535 6.34892 36
1778257885149 6.34105 37
1778257911493 6.33544 38
1778257938191 6.34246 39
1778257964947 6.35646 40
1778257991803 6.3296 41
1778258018717 6.33526 42
1778258045911 6.34071 43
1778258073050 6.34204 44
1778258099277 6.32336 45
1778258126258 6.33586 46
1778258153375 6.33312 47
1778258180412 6.33901 48
1778258207623 6.33815 49
1778258234823 6.34175 50
1778258261879 6.34583 51
1778258288683 6.33712 52
1778258315624 6.3283 53
1778258342790 6.33907 54
1778258370158 6.32863 55
1778258397266 6.3392 56
1778258424453 6.34595 57
1778258451479 6.33024 58
1778258478604 6.33713 59
1778258505452 6.33614 60
1778258532426 6.32705 61
1778258559519 6.31905 62
1778258586423 6.34448 63
1778258613595 6.32087 64
1778258641042 6.34057 65
1778258668246 6.34602 66
1778258695145 6.33646 67
1778258722118 6.31783 68
1778258748955 6.33678 69
1778258775806 6.33241 70
1778258802982 6.34203 71
1778258829759 6.32696 72
1778258855795 6.34003 73
1778258882135 6.33051 74
1778258907976 6.34021 75
1778258933668 6.34882 76
1778258959427 6.34174 77
1778258986285 6.34257 78
1778259013024 6.34127 79
1778259039987 6.32832 80
1778259066776 6.33128 81
1778259093122 6.33491 82
1778259117953 6.33843 83
1778259144430 6.3451 84
1778259170783 6.32835 85
1778259196746 6.33368 86
1778259222167 6.34498 87
1778259247687 6.34145 88
1778259273376 6.32349 89
1778259298631 6.32746 90
1778259324741 6.33515 91
1778259350642 6.33497 92
1778259376713 6.32966 93
1778259403094 6.33057 94
1778259429804 6.35066 95
1778259455897 6.3294 96
1778259482304 6.33688 97
1778259508809 6.33713 98
1778259534887 6.34196 99
1778259561412 6.33779 100
1778259585800 6.3299 101
1778259611075 6.32458 102
1778259636277 6.35086 103
1778259661778 6.35342 104
1778259687171 6.33016 105
1778259712346 6.32898 106
1778259737667 6.3373 107
1778259762967 6.33501 108
1778259788087 6.34092 109
1778259813196 6.32171 110
1778259838557 6.34442 111
1778259864250 6.3271 112
1778259889646 6.34068 113
1778259914648 6.34316 114
1778259939850 6.34757 115
1778259965119 6.33122 116
1778259990328 6.35323 117
1778260015752 6.34011 118
1778260040929 6.33695 119
1778260066505 6.33197 120
1778260092031 6.34076 121
1778260117731 6.32973 122
1778260142894 6.32703 123
1778260168509 6.33384 124
1778260194023 6.33459 125
1778260219477 6.33607 126
1778260245108 6.33928 127
1778260270297 6.34042 128
1778260295893 6.33796 129
1778260321885 6.32447 130
1778260347456 6.32482 131
1778260372463 6.33236 132
1778260398069 6.33228 133
1778260423765 6.34564 134
1778260449438 6.33147 135
1778260474761 6.32615 136
1778260500161 6.3267 137
1778260525547 6.33204 138
1778260551031 6.33042 139
1778260577437 6.33832 140
1778260602743 6.32167 141
1778260628460 6.31793 142
1778260654136 6.32913 143
1778260679770 6.32839 144
1778260704441 6.33704 145
1778260730398 6.34032 146
1778260755986 6.31571 147
1778260781602 6.3311 148
1778260806790 6.3366 149
