1778256892872 3.34051 0
1778256922201 0.5634 1
1778256949504 0.45345 2
1778256976459 0.44192 3
1778257003254 0.43658 4
1778257030171 0.43684 5
1778257056796 0.42736 6
1778257083569 0.43078 7
1778257110406 0.42838 8
1778257137493 0.43023 9
1778257164894 0.4276 10
1778257191637 0.42672 11
1778257218341 0.42486 12
1778257245106 0.42302 13
1778257271885 0.4276 14
1778257298832 0.42736 15
1778257325621 0.4255 16
1778257351578 0.42394 17
1778257378448 0.42486 18
1778257404674 0.42304 19
1778257431730 0.42112 20
1778257458426 0.42464 21
1778257485052 0.41907 22
1778257511973 0.42232 23
1778257538696 0.42121 24
1778257565284 0.41752 25
1778257591897 0.41865 26
1778257618521 0.41851 27
1778257645069 0.41808 28
1778257671593 0.41827 29
1778257698353 0.41811 30
1778257725675 0.42018 31
1778257752476 0.41622 32
1778257779298 0.41523 33
1778257805822 0.41332 34
1778257832187 0.41782 35
1778257858535 0.41575 36
1778257885149 0.42117 37
1778257911493 0.41777 38
1778257938191 0.41515 39
1778257964947 0.41406 40
1778257991803 0.41082 41
1778258018717 0.41304 42
1778258045911 0.41356 43
1778258073050 0.41116 44
1778258099277 0.41139 45
1778258126258 0.41059 46
1778258153375 0.41326 47
1778258180412 0.41129 48
1778258207623 0.41061 49
1778258234823 0.41054 50
1778258261879 0.41138 51
1778258288683 0.40975 52
1778258315624 0.41052 53
1778258342790 0.41087 54
1778258370158 0.40999 55
1778258397266 0.40792 56
1778258424453 0.40932 57
1778258451479 0.41083 58
1778258478604 0.40489 59
1778258505452 0.40734 60
1778258532426 0.40714 61
1778258559519 0.40468 62
1778258586423 0.40366 63
1778258613595 0.40665 64
1778258641042 0.40548 65
1778258668246 0.40636 66
1778258695145 0.40588 67
1778258722118 0.40628 68
1778258748955 0.40627 69
1778258775806 0.40219 70
1778258802982 0.40591 71
1778258829759 0.40292 72
1778258855795 0.40113 73
1778258882135 0.40221 74
1778258907976 0.40295 75
1778258933668 0.4025 76
1778258959427 0.4039 77
1778258986285 0.40282 78
1778259013024 0.40354 79
1778259039987 0.40141 80
1778259066776 0.40362 81
1778259093122 0.40075 82
1778259117953 0.40158 83
1778259144430 0.40402 84
1778259170783 0.40607 85
1778259196746 0.40184 86
1778259222167 0.40224 87
1778259247687 0.40284 88
1778259273376 0.40251 89
1778259298631 0.39983 90
1778259324741 0.39641 91
1778259350642 0.39989 92
1778259376713 0.4009 93
1778259403094 0.40028 94
1778259429804 0.39664 95
1778259455897 0.39906 96
1778259482304 0.39782 97
1778259508809 0.40147 98
1778259534887 0.39917 99
1778259561412 0.39858 100
1778259585800 0.39458 101
1778259611075 0.39462 102
1778259636277 0.39884 103
1778259661778 0.40071 104
1778259687171 0.3973 105
1778259712346 0.39569 106
1778259737667 0.39427 107
1778259762967 0.39625 108
1778259788087 0.39788 109
1778259813196 0.39563 110
1778259838557 0.39838 111
1778259864250 0.3978 112
1778259889646 0.39804 113
1778259914648 0.39716 114
1778259939850 0.39479 115
1778259965119 0.39858 116
1778259990328 0.3941 117
1778260015752 0.39556 118
1778260040929 0.39556 119
1778260066505 0.39536 120
1778260092031 0.39492 121
1778260117731 0.39493 122
1778260142894 0.39472 123
1778260168509 0.39758 124
1778260194023 0.39774 125
1778260219477 0.39637 126
1778260245108 0.39559 127
1778260270297 0.39591 128
1778260295893 0.39543 129
1778260321885 0.3951 130
1778260347456 0.39308 131
1778260372463 0.39424 132
1778260398069 0.396 133
1778260423765 0.39575 134
1778260449438 0.39419 135
1778260474761 0.39262 136
1778260500161 0.39558 137
1778260525547 0.39416 138
1778260551031 0.39757 139
1778260577437 0.39431 140
1778260602743 0.39352 141
1778260628460 0.39291 142
1778260654136 0.39457 143
1778260679770 0.39404 144
1778260704441 0.39144 145
1778260730398 0.39535 146
1778260755986 0.39458 147
1778260781602 0.39148 148
1778260806790 0.39354 149
