1778256892872 0.02395 0
1778256922201 0.02347 1
1778256949504 0.02367 2
1778256976459 0.0236 3
1778257003254 0.02351 4
1778257030171 0.02355 5
1778257056796 0.02369 6
1778257083569 0.02321 7
1778257110406 0.02336 8
1778257137493 0.02343 9
1778257164894 0.02387 10
1778257191637 0.02373 11
1778257218341 0.02331 12
1778257245106 0.0238 13
1778257271885 0.0235 14
1778257298832 0.02398 15
1778257325621 0.02348 16
1778257351578 0.02352 17
1778257378448 0.0234 18
1778257404674 0.02356 19
1778257431730 0.02349 20
1778257458426 0.02365 21
1778257485052 0.0235 22
1778257511973 0.02332 23
1778257538696 0.02379 24
1778257565284 0.02375 25
1778257591897 0.02347 26
1778257618521 0.02333 27
1778257645069 0.02371 28
1778257671593 0.02358 29
1778257698353 0.02347 30
1778257725675 0.02365 31
1778257752476 0.02374 32
1778257779298 0.02356 33
1778257805822 0.02366 34
1778257832187 0.02355 35
1778257858535 0.0237 36
1778257885149 0.02341 37
1778257911493 0.02354 38
1778257938191 0.02369 39
1778257964947 0.02349 40
1778257991803 0.02354 41
1778258018717 0.02342 42
1778258045911 0.02366 43
1778258073050 0.02351 44
1778258099277 0.02348 45
1778258126258 0.02342 46
1778258153375 0.02351 47
1778258180412 0.02378 48
1778258207623 0.02359 49
1778258234823 0.02342 50
1778258261879 0.0235 51
1778258288683 0.02355 52
1778258315624 0.02355 53
1778258342790 0.02367 54
1778258370158 0.02343 55
1778258397266 0.02347 56
1778258424453 0.02336 57
1778258451479 0.02381 58
1778258478604 0.02347 59
1778258505452 0.02391 60
1778258532426 0.02404 61
1778258559519 0.02369 62
1778258586423 0.02353 63
1778258613595 0.02339 64
1778258641042 0.02335 65
1778258668246 0.02356 66
1778258695145 0.02368 67
1778258722118 0.02336 68
1778258748955 0.02357 69
1778258775806 0.02378 70
1778258802982 0.02333 71
1778258829759 0.02353 72
1778258855795 0.02338 73
1778258882135 0.0237 74
1778258907976 0.02351 75
1778258933668 0.02326 76
1778258959427 0.02361 77
1778258986285 0.02362 78
1778259013024 0.02394 79
1778259039987 0.02342 80
1778259066776 0.02362 81
1778259093122 0.02333 82
1778259117953 0.02326 83
1778259144430 0.02332 84
1778259170783 0.02334 85
1778259196746 0.02335 86
1778259222167 0.02319 87
1778259247687 0.02377 88
1778259273376 0.02372 89
1778259298631 0.02368 90
1778259324741 0.0236 91
1778259350642 0.02376 92
1778259376713 0.0236 93
1778259403094 0.02349 94
1778259429804 0.02326 95
1778259455897 0.02344 96
1778259482304 0.0236 97
1778259508809 0.02329 98
1778259534887 0.0236 99
1778259561412 0.02351 100
1778259585800 0.02367 101
1778259611075 0.02373 102
1778259636277 0.02382 103
1778259661778 0.02365 104
1778259687171 0.02336 105
1778259712346 0.02352 106
1778259737667 0.02336 107
1778259762967 0.02376 108
1778259788087 0.0233 109
1778259813196 0.02347 110
1778259838557 0.0232 111
1778259864250 0.02356 112
1778259889646 0.02362 113
1778259914648 0.02354 114
1778259939850 0.02344 115
1778259965119 0.02335 116
1778259990328 0.02346 117
1778260015752 0.02334 118
1778260040929 0.02354 119
1778260066505 0.0235 120
1778260092031 0.02355 121
1778260117731 0.02362 122
1778260142894 0.02388 123
1778260168509 0.02346 124
1778260194023 0.02373 125
1778260219477 0.02367 126
1778260245108 0.02348 127
1778260270297 0.02352 128
1778260295893 0.02354 129
1778260321885 0.02348 130
1778260347456 0.02379 131
1778260372463 0.02364 132
1778260398069 0.02341 133
1778260423765 0.02367 134
1778260449438 0.02377 135
1778260474761 0.02326 136
1778260500161 0.02312 137
1778260525547 0.02381 138
1778260551031 0.0236 139
1778260577437 0.02353 140
1778260602743 0.02344 141
1778260628460 0.02367 142
1778260654136 0.02349 143
1778260679770 0.02375 144
1778260704441 0.02349 145
1778260730398 0.02334 146
1778260755986 0.02358 147
1778260781602 0.0234 148
1778260806790 0.02362 149
