1778256892872 4.78101 0
1778256922201 4.74711 1
1778256949504 4.78713 2
1778256976459 4.76063 3
1778257003254 4.76014 4
1778257030171 4.78607 5
1778257056796 4.78965 6
1778257083569 4.76336 7
1778257110406 4.75471 8
1778257137493 4.78605 9
1778257164894 4.79936 10
1778257191637 4.77835 11
1778257218341 4.75125 12
1778257245106 4.7795 13
1778257271885 4.76507 14
1778257298832 4.78551 15
1778257325621 4.76888 16
1778257351578 4.77445 17
1778257378448 4.75465 18
1778257404674 4.77015 19
1778257431730 4.75948 20
1778257458426 4.76913 21
1778257485052 4.75073 22
1778257511973 4.7537 23
1778257538696 4.75242 24
1778257565284 4.80627 25
1778257591897 4.774 26
1778257618521 4.75044 27
1778257645069 4.7657 28
1778257671593 4.76781 29
1778257698353 4.76424 30
1778257725675 4.78303 31
1778257752476 4.79825 32
1778257779298 4.76551 33
1778257805822 4.78592 34
1778257832187 4.76067 35
1778257858535 4.75657 36
1778257885149 4.7462 37
1778257911493 4.75729 38
1778257938191 4.78722 39
1778257964947 4.7665 40
1778257991803 4.73554 41
1778258018717 4.77364 42
1778258045911 4.75732 43
1778258073050 4.77475 44
1778258099277 4.77652 45
1778258126258 4.78049 46
1778258153375 4.77045 47
1778258180412 4.78359 48
1778258207623 4.77282 49
1778258234823 4.76789 50
1778258261879 4.74496 51
1778258288683 4.76863 52
1778258315624 4.77668 53
1778258342790 4.7779 54
1778258370158 4.74472 55
1778258397266 4.74768 56
1778258424453 4.76359 57
1778258451479 4.77787 58
1778258478604 4.75916 59
1778258505452 4.78518 60
1778258532426 4.79053 61
1778258559519 4.76552 62
1778258586423 4.76942 63
1778258613595 4.76085 64
1778258641042 4.76661 65
1778258668246 4.77727 66
1778258695145 4.76581 67
1778258722118 4.72685 68
1778258748955 4.72925 69
1778258775806 4.78596 70
1778258802982 4.74493 71
1778258829759 4.76294 72
1778258855795 4.75336 73
1778258882135 4.79344 74
1778258907976 4.75194 75
1778258933668 4.76385 76
1778258959427 4.76585 77
1778258986285 4.76105 78
1778259013024 4.81415 79
1778259039987 4.74692 80
1778259066776 4.78254 81
1778259093122 4.7884 82
1778259117953 4.74183 83
1778259144430 4.76511 84
1778259170783 4.78037 85
1778259196746 4.77811 86
1778259222167 4.76407 87
1778259247687 4.76754 88
1778259273376 4.7908 89
1778259298631 4.7789 90
1778259324741 4.75703 91
1778259350642 4.76637 92
1778259376713 4.76743 93
1778259403094 4.76465 94
1778259429804 4.74548 95
1778259455897 4.75952 96
1778259482304 4.76058 97
1778259508809 4.77258 98
1778259534887 4.78657 99
1778259561412 4.78524 100
1778259585800 4.77029 101
1778259611075 4.8009 102
1778259636277 4.781 103
1778259661778 4.79192 104
1778259687171 4.77401 105
1778259712346 4.77059 106
1778259737667 4.77089 107
1778259762967 4.76482 108
1778259788087 4.77602 109
1778259813196 4.76219 110
1778259838557 4.75295 111
1778259864250 4.75743 112
1778259889646 4.79257 113
1778259914648 4.7741 114
1778259939850 4.76816 115
1778259965119 4.78251 116
1778259990328 4.76218 117
1778260015752 4.75473 118
1778260040929 4.74887 119
1778260066505 4.77047 120
1778260092031 4.76044 121
1778260117731 4.76179 122
1778260142894 4.79762 123
1778260168509 4.77161 124
1778260194023 4.77293 125
1778260219477 4.75749 126
1778260245108 4.75962 127
1778260270297 4.75243 128
1778260295893 4.77877 129
1778260321885 4.79197 130
1778260347456 4.81018 131
1778260372463 4.7575 132
1778260398069 4.76606 133
1778260423765 4.74592 134
1778260449438 4.77856 135
1778260474761 4.74305 136
1778260500161 4.75911 137
1778260525547 4.79384 138
1778260551031 4.78288 139
1778260577437 4.75884 140
1778260602743 4.77232 141
1778260628460 4.76145 142
1778260654136 4.77815 143
1778260679770 4.78018 144
1778260704441 4.75815 145
1778260730398 4.76352 146
1778260755986 4.78768 147
1778260781602 4.74527 148
1778260806790 4.78852 149
