1778256892872 0.85526 0
1778256922201 0.84598 1
1778256949504 0.83948 2
1778256976459 0.84531 3
1778257003254 0.84506 4
1778257030171 0.8449 5
1778257056796 0.84836 6
1778257083569 0.83592 7
1778257110406 0.83934 8
1778257137493 0.84145 9
1778257164894 0.84929 10
1778257191637 0.85475 11
1778257218341 0.83886 12
1778257245106 0.83748 13
1778257271885 0.84011 14
1778257298832 0.85474 15
1778257325621 0.84473 16
1778257351578 0.8452 17
1778257378448 0.8468 18
1778257404674 0.84669 19
1778257431730 0.84196 20
1778257458426 0.84755 21
1778257485052 0.84022 22
1778257511973 0.83717 23
1778257538696 0.85407 24
1778257565284 0.85639 25
1778257591897 0.84097 26
1778257618521 0.83945 27
1778257645069 0.85895 28
1778257671593 0.83603 29
1778257698353 0.84512 30
1778257725675 0.84286 31
1778257752476 0.84349 32
1778257779298 0.84363 33
1778257805822 0.85093 34
1778257832187 0.84411 35
1778257858535 0.84557 36
1778257885149 0.83303 37
1778257911493 0.84369 38
1778257938191 0.85363 39
1778257964947 0.84089 40
1778257991803 0.83542 41
1778258018717 0.83952 42
1778258045911 0.84642 43
1778258073050 0.84243 44
1778258099277 0.84232 45
1778258126258 0.84097 46
1778258153375 0.84574 47
1778258180412 0.85401 48
1778258207623 0.83636 49
1778258234823 0.8412 50
1778258261879 0.84255 51
1778258288683 0.85031 52
1778258315624 0.84838 53
1778258342790 0.84984 54
1778258370158 0.84071 55
1778258397266 0.84375 56
1778258424453 0.8491 57
1778258451479 0.85415 58
1778258478604 0.84694 59
1778258505452 0.85917 60
1778258532426 0.8544 61
1778258559519 0.84608 62
1778258586423 0.84413 63
1778258613595 0.84198 64
1778258641042 0.84229 65
1778258668246 0.84661 66
1778258695145 0.85933 67
1778258722118 0.83647 68
1778258748955 0.83319 69
1778258775806 0.85239 70
1778258802982 0.83233 71
1778258829759 0.84285 72
1778258855795 0.8506 73
1778258882135 0.85567 74
1778258907976 0.84452 75
1778258933668 0.83479 76
1778258959427 0.84884 77
1778258986285 0.85313 78
1778259013024 0.86109 79
1778259039987 0.84093 80
1778259066776 0.85211 81
1778259093122 0.84461 82
1778259117953 0.84473 83
1778259144430 0.83314 84
1778259170783 0.84226 85
1778259196746 0.84654 86
1778259222167 0.83326 87
1778259247687 0.85056 88
1778259273376 0.84764 89
1778259298631 0.84827 90
1778259324741 0.84976 91
1778259350642 0.84495 92
1778259376713 0.85286 93
1778259403094 0.84038 94
1778259429804 0.83508 95
1778259455897 0.84419 96
1778259482304 0.84318 97
1778259508809 0.83637 98
1778259534887 0.85026 99
1778259561412 0.84055 100
1778259585800 0.84801 101
1778259611075 0.84457 102
1778259636277 0.85033 103
1778259661778 0.85467 104
1778259687171 0.84483 105
1778259712346 0.84822 106
1778259737667 0.84426 107
1778259762967 0.84765 108
1778259788087 0.83928 109
1778259813196 0.84395 110
1778259838557 0.83565 111
1778259864250 0.85255 112
1778259889646 0.85122 113
1778259914648 0.85186 114
1778259939850 0.84313 115
1778259965119 0.83998 116
1778259990328 0.84355 117
1778260015752 0.84106 118
1778260040929 0.84568 119
1778260066505 0.84238 120
1778260092031 0.84991 121
1778260117731 0.83788 122
1778260142894 0.84941 123
1778260168509 0.84243 124
1778260194023 0.8477 125
1778260219477 0.84417 126
1778260245108 0.84013 127
1778260270297 0.84439 128
1778260295893 0.84842 129
1778260321885 0.84805 130
1778260347456 0.85442 131
1778260372463 0.84574 132
1778260398069 0.84644 133
1778260423765 0.84361 134
1778260449438 0.85034 135
1778260474761 0.83558 136
1778260500161 0.82579 137
1778260525547 0.84707 138
1778260551031 0.85231 139
1778260577437 0.84295 140
1778260602743 0.83039 141
1778260628460 0.84766 142
1778260654136 0.85296 143
1778260679770 0.85248 144
1778260704441 0.84084 145
1778260730398 0.8456 146
1778260755986 0.84719 147
1778260781602 0.83661 148
1778260806790 0.84656 149
