1778220455675 2.04749 0
1778220555352 2.03571 1
1778220651087 2.04508 2
1778220746898 2.03779 3
1778220855792 2.03436 4
1778220952375 2.04089 5
1778221047659 2.03881 6
1778221145579 2.02688 7
1778221254931 2.03069 8
1778221347055 2.03866 9
1778221442668 2.04187 10
1778221542319 2.03658 11
1778221653754 2.03053 12
1778221747932 2.05546 13
1778221843649 2.04223 14
1778221943338 2.039 15
1778222054051 2.04016 16
1778222151306 2.03561 17
1778222248381 2.03065 18
1778222344958 2.03891 19
1778222455684 2.02878 20
1778222556015 2.0349 21
1778222651543 2.03033 22
1778222751298 2.03017 23
1778222859176 2.03993 24
1778222962808 2.03365 25
1778223059458 2.03389 26
1778223156012 2.03021 27
1778223259625 2.03649 28
1778223365381 2.04025 29
1778223462068 2.03853 30
1778223559196 2.03171 31
1778223618572 2.0481 32
1778223643021 2.03886 33
1778223667180 2.02572 34
1778223690794 2.03512 35
1778223714944 2.03748 36
1778223739095 2.04005 37
1778223763324 2.02862 38
1778223786294 2.03977 39
1778223811356 2.04406 40
1778223836616 2.04379 41
1778223863087 2.03492 42
1778223886366 2.04215 43
1778223909375 2.036 44
1778223932702 2.02942 45
1778223955691 2.03233 46
1778223978812 2.04038 47
1778224002062 2.03622 48
1778224025081 2.04895 49
1778224048126 2.03252 50
1778224070650 2.04294 51
1778224093555 2.0342 52
1778224116627 2.03914 53
1778224140825 2.04152 54
1778224164821 2.03738 55
1778224187884 2.03345 56
1778224211201 2.03289 57
1778224234407 2.03756 58
1778224259303 2.02885 59
1778224282482 2.03559 60
1778224305384 2.0496 61
1778224328580 2.03841 62
1778224351827 2.03001 63
1778224374739 2.03541 64
1778224397866 2.03174 65
1778224420872 2.03167 66
1778224444293 2.02723 67
1778224467906 2.03638 68
1778224491454 2.05117 69
1778224514439 2.04098 70
1778224539231 2.03498 71
1778224562208 2.03859 72
1778224587351 2.02285 73
1778224612130 2.03572 74
1778224637172 2.02702 75
1778224660042 2.0291 76
1778224683274 2.03851 77
1778224706429 2.03878 78
1778224729392 2.04546 79
1778224754215 2.03719 80
1778224777335 2.03083 81
1778224800675 2.02634 82
1778224823837 2.03079 83
1778224846958 2.03119 84
1778224869981 2.03422 85
1778224893118 2.03495 86
1778224916614 2.03308 87
1778224939773 2.04296 88
1778224975241 2.04177 89
1778225004388 2.03985 90
1778225027621 2.02536 91
1778225050699 2.04945 92
1778225073704 2.02949 93
1778225096777 2.0418 94
1778225119875 2.02539 95
1778225142648 2.04511 96
1778225165820 2.0395 97
1778225188501 2.03389 98
1778225213071 2.03681 99
1778225237859 2.04629 100
1778225262088 2.03795 101
1778225286390 2.03972 102
1778225310277 2.03791 103
1778225334091 2.03549 104
1778225357841 2.02922 105
1778225381177 2.03806 106
1778225404626 2.0306 107
1778225427862 2.03988 108
1778225452377 2.04117 109
1778225479341 2.02562 110
1778225503099 2.02614 111
1778225527605 2.03524 112
1778225551672 2.04253 113
1778225576020 2.0352 114
1778225600549 2.03481 115
1778225625152 2.03829 116
1778225648846 2.03539 117
1778225672265 2.03055 118
1778225696370 2.04104 119
1778225720630 2.0352 120
1778225744281 2.0352 121
1778225768625 2.04114 122
1778225793120 2.04134 123
1778225817460 2.03223 124
1778225841916 2.0409 125
1778225865915 2.04312 126
1778225890140 2.03974 127
1778225915771 2.02427 128
1778225941457 2.03188 129
1778225965246 2.02803 130
1778225989358 2.03383 131
1778226014830 2.0317 132
1778226038109 2.02911 133
1778226063344 2.04216 134
1778226086867 2.03331 135
1778226110019 2.0266 136
1778226134059 2.04241 137
1778226158334 2.04294 138
1778226182808 2.03454 139
1778226209967 2.03948 140
1778226235072 2.04161 141
1778226273227 2.02406 142
1778226316509 2.04011 143
1778226360697 2.04452 144
1778226415806 2.03223 145
1778226477577 2.02536 146
1778226538228 2.03079 147
1778226585761 2.03886 148
1778226644503 2.03749 149
