1778220455675 6.31172 0
1778220555352 6.3373 1
1778220651087 6.32854 2
1778220746898 6.33955 3
1778220855792 6.32828 4
1778220952375 6.3378 5
1778221047659 6.33134 6
1778221145579 6.33672 7
1778221254931 6.32801 8
1778221347055 6.33295 9
1778221442668 6.34074 10
1778221542319 6.33578 11
1778221653754 6.34212 12
1778221747932 6.33276 13
1778221843649 6.34062 14
1778221943338 6.33367 15
1778222054051 6.33867 16
1778222151306 6.33947 17
1778222248381 6.33124 18
1778222344958 6.3251 19
1778222455684 6.33483 20
1778222556015 6.33327 21
1778222651543 6.32692 22
1778222751298 6.33987 23
1778222859176 6.33212 24
1778222962808 6.33173 25
1778223059458 6.33007 26
1778223156012 6.3337 27
1778223259625 6.33847 28
1778223365381 6.33229 29
1778223462068 6.34443 30
1778223559196 6.33787 31
1778223618572 6.33493 32
1778223643021 6.34358 33
1778223667180 6.33065 34
1778223690794 6.33877 35
1778223714944 6.34892 36
1778223739095 6.34105 37
1778223763324 6.33544 38
1778223786294 6.34246 39
1778223811356 6.35646 40
1778223836616 6.3296 41
1778223863087 6.33526 42
1778223886366 6.34071 43
1778223909375 6.34204 44
1778223932702 6.32336 45
1778223955691 6.33586 46
1778223978812 6.33312 47
1778224002062 6.33901 48
1778224025081 6.33815 49
1778224048126 6.34175 50
1778224070650 6.34583 51
1778224093555 6.33712 52
1778224116627 6.3283 53
1778224140825 6.33907 54
1778224164821 6.32863 55
1778224187884 6.3392 56
1778224211201 6.34595 57
1778224234407 6.33024 58
1778224259303 6.33713 59
1778224282482 6.33614 60
1778224305384 6.32705 61
1778224328580 6.31905 62
1778224351827 6.34448 63
1778224374739 6.32087 64
1778224397866 6.34057 65
1778224420872 6.34602 66
1778224444293 6.33646 67
1778224467906 6.31783 68
1778224491454 6.33678 69
1778224514439 6.33241 70
1778224539231 6.34203 71
1778224562208 6.32696 72
1778224587351 6.34003 73
1778224612130 6.33051 74
1778224637172 6.34021 75
1778224660042 6.34882 76
1778224683274 6.34174 77
1778224706429 6.34257 78
1778224729392 6.34127 79
1778224754215 6.32832 80
1778224777335 6.33128 81
1778224800675 6.33491 82
1778224823837 6.33843 83
1778224846958 6.3451 84
1778224869981 6.32835 85
1778224893118 6.33368 86
1778224916614 6.34498 87
1778224939773 6.34145 88
1778224975241 6.32349 89
1778225004388 6.32746 90
1778225027621 6.33515 91
1778225050699 6.33497 92
1778225073704 6.32966 93
1778225096777 6.33057 94
1778225119875 6.35066 95
1778225142648 6.3294 96
1778225165820 6.33688 97
1778225188501 6.33713 98
1778225213071 6.34196 99
1778225237859 6.33779 100
1778225262088 6.3299 101
1778225286390 6.32458 102
1778225310277 6.35086 103
1778225334091 6.35342 104
1778225357841 6.33016 105
1778225381177 6.32898 106
1778225404626 6.3373 107
1778225427862 6.33501 108
1778225452377 6.34092 109
1778225479341 6.32171 110
1778225503099 6.34442 111
1778225527605 6.3271 112
1778225551672 6.34068 113
1778225576020 6.34316 114
1778225600549 6.34757 115
1778225625152 6.33122 116
1778225648846 6.35323 117
1778225672265 6.34011 118
1778225696370 6.33695 119
1778225720630 6.33197 120
1778225744281 6.34076 121
1778225768625 6.32973 122
1778225793120 6.32703 123
1778225817460 6.33384 124
1778225841916 6.33459 125
1778225865915 6.33607 126
1778225890140 6.33928 127
1778225915771 6.34042 128
1778225941457 6.33796 129
1778225965246 6.32447 130
1778225989358 6.32482 131
1778226014830 6.33236 132
1778226038109 6.33228 133
1778226063344 6.34564 134
1778226086867 6.33147 135
1778226110019 6.32615 136
1778226134059 6.3267 137
1778226158334 6.33204 138
1778226182808 6.33042 139
1778226209967 6.33832 140
1778226235072 6.32167 141
1778226273227 6.31793 142
1778226316509 6.32913 143
1778226360697 6.32839 144
1778226415806 6.33704 145
1778226477577 6.34032 146
1778226538228 6.31571 147
1778226585761 6.3311 148
1778226644503 6.3366 149
