1778220455675 2.69142 0
1778220555352 0.96907 1
1778220651087 0.93913 2
1778220746898 0.91066 3
1778220855792 0.91047 4
1778220952375 0.89795 5
1778221047659 0.89144 6
1778221145579 0.87688 7
1778221254931 0.87225 8
1778221347055 0.87483 9
1778221442668 0.86771 10
1778221542319 0.87107 11
1778221653754 0.86685 12
1778221747932 0.8592 13
1778221843649 0.86705 14
1778221943338 0.86919 15
1778222054051 0.87562 16
1778222151306 0.86323 17
1778222248381 0.86081 18
1778222344958 0.85402 19
1778222455684 0.85877 20
1778222556015 0.85619 21
1778222651543 0.84765 22
1778222751298 0.85527 23
1778222859176 0.84939 24
1778222962808 0.84433 25
1778223059458 0.84525 26
1778223156012 0.84954 27
1778223259625 0.84673 28
1778223365381 0.84153 29
1778223462068 0.84307 30
1778223559196 0.85008 31
1778223618572 0.84462 32
1778223643021 0.83811 33
1778223667180 0.84389 34
1778223690794 0.84439 35
1778223714944 0.83812 36
1778223739095 0.84381 37
1778223763324 0.84249 38
1778223786294 0.83737 39
1778223811356 0.83293 40
1778223836616 0.83513 41
1778223863087 0.8364 42
1778223886366 0.838 43
1778223909375 0.83701 44
1778223932702 0.84042 45
1778223955691 0.83538 46
1778223978812 0.83993 47
1778224002062 0.83455 48
1778224025081 0.83327 49
1778224048126 0.83059 50
1778224070650 0.8356 51
1778224093555 0.83034 52
1778224116627 0.83154 53
1778224140825 0.83386 54
1778224164821 0.83065 55
1778224187884 0.82911 56
1778224211201 0.83453 57
1778224234407 0.83407 58
1778224259303 0.82322 59
1778224282482 0.82647 60
1778224305384 0.8275 61
1778224328580 0.82259 62
1778224351827 0.82341 63
1778224374739 0.82193 64
1778224397866 0.82351 65
1778224420872 0.82332 66
1778224444293 0.82561 67
1778224467906 0.82346 68
1778224491454 0.82428 69
1778224514439 0.81694 70
1778224539231 0.82421 71
1778224562208 0.81892 72
1778224587351 0.82029 73
1778224612130 0.81587 74
1778224637172 0.81819 75
1778224660042 0.81722 76
1778224683274 0.82165 77
1778224706429 0.81908 78
1778224729392 0.82167 79
1778224754215 0.81727 80
1778224777335 0.81745 81
1778224800675 0.81133 82
1778224823837 0.81261 83
1778224846958 0.81845 84
1778224869981 0.82088 85
1778224893118 0.81728 86
1778224916614 0.81783 87
1778224939773 0.81519 88
1778224975241 0.81759 89
1778225004388 0.81158 90
1778225027621 0.80762 91
1778225050699 0.81537 92
1778225073704 0.80986 93
1778225096777 0.81471 94
1778225119875 0.814 95
1778225142648 0.81367 96
1778225165820 0.80918 97
1778225188501 0.81263 98
1778225213071 0.81068 99
1778225237859 0.81052 100
1778225262088 0.80741 101
1778225286390 0.8012 102
1778225310277 0.81166 103
1778225334091 0.81157 104
1778225357841 0.80728 105
1778225381177 0.80308 106
1778225404626 0.80303 107
1778225427862 0.80182 108
1778225452377 0.80338 109
1778225479341 0.802 110
1778225503099 0.80749 111
1778225527605 0.80919 112
1778225551672 0.80607 113
1778225576020 0.80878 114
1778225600549 0.80313 115
1778225625152 0.80695 116
1778225648846 0.79908 117
1778225672265 0.80319 118
1778225696370 0.79971 119
1778225720630 0.80087 120
1778225744281 0.79895 121
1778225768625 0.80292 122
1778225793120 0.79369 123
1778225817460 0.80268 124
1778225841916 0.80392 125
1778225865915 0.80131 126
1778225890140 0.80353 127
1778225915771 0.79941 128
1778225941457 0.80068 129
1778225965246 0.79867 130
1778225989358 0.79511 131
1778226014830 0.79625 132
1778226038109 0.8005 133
1778226063344 0.79812 134
1778226086867 0.79602 135
1778226110019 0.79402 136
1778226134059 0.79884 137
1778226158334 0.79493 138
1778226182808 0.80082 139
1778226209967 0.79578 140
1778226235072 0.79534 141
1778226273227 0.79502 142
1778226316509 0.79627 143
1778226360697 0.79812 144
1778226415806 0.79308 145
1778226477577 0.80112 146
1778226538228 0.79749 147
1778226585761 0.79147 148
1778226644503 0.79122 149
