1778220455675 0.02395 0
1778220555352 0.02347 1
1778220651087 0.02367 2
1778220746898 0.0236 3
1778220855792 0.02351 4
1778220952375 0.02355 5
1778221047659 0.02369 6
1778221145579 0.02321 7
1778221254931 0.02336 8
1778221347055 0.02343 9
1778221442668 0.02387 10
1778221542319 0.02373 11
1778221653754 0.02331 12
1778221747932 0.0238 13
1778221843649 0.0235 14
1778221943338 0.02398 15
1778222054051 0.02348 16
1778222151306 0.02352 17
1778222248381 0.0234 18
1778222344958 0.02356 19
1778222455684 0.02349 20
1778222556015 0.02365 21
1778222651543 0.0235 22
1778222751298 0.02332 23
1778222859176 0.02379 24
1778222962808 0.02375 25
1778223059458 0.02347 26
1778223156012 0.02333 27
1778223259625 0.02371 28
1778223365381 0.02358 29
1778223462068 0.02347 30
1778223559196 0.02365 31
1778223618572 0.02374 32
1778223643021 0.02356 33
1778223667180 0.02366 34
1778223690794 0.02355 35
1778223714944 0.0237 36
1778223739095 0.02341 37
1778223763324 0.02354 38
1778223786294 0.02369 39
1778223811356 0.02349 40
1778223836616 0.02354 41
1778223863087 0.02342 42
1778223886366 0.02366 43
1778223909375 0.02351 44
1778223932702 0.02348 45
1778223955691 0.02342 46
1778223978812 0.02351 47
1778224002062 0.02378 48
1778224025081 0.02359 49
1778224048126 0.02342 50
1778224070650 0.0235 51
1778224093555 0.02355 52
1778224116627 0.02355 53
1778224140825 0.02367 54
1778224164821 0.02343 55
1778224187884 0.02347 56
1778224211201 0.02336 57
1778224234407 0.02381 58
1778224259303 0.02347 59
1778224282482 0.02391 60
1778224305384 0.02404 61
1778224328580 0.02369 62
1778224351827 0.02353 63
1778224374739 0.02339 64
1778224397866 0.02335 65
1778224420872 0.02356 66
1778224444293 0.02368 67
1778224467906 0.02336 68
1778224491454 0.02357 69
1778224514439 0.02378 70
1778224539231 0.02333 71
1778224562208 0.02353 72
1778224587351 0.02338 73
1778224612130 0.0237 74
1778224637172 0.02351 75
1778224660042 0.02326 76
1778224683274 0.02361 77
1778224706429 0.02362 78
1778224729392 0.02394 79
1778224754215 0.02342 80
1778224777335 0.02362 81
1778224800675 0.02333 82
1778224823837 0.02326 83
1778224846958 0.02332 84
1778224869981 0.02334 85
1778224893118 0.02335 86
1778224916614 0.02319 87
1778224939773 0.02377 88
1778224975241 0.02372 89
1778225004388 0.02368 90
1778225027621 0.0236 91
1778225050699 0.02376 92
1778225073704 0.0236 93
1778225096777 0.02349 94
1778225119875 0.02326 95
1778225142648 0.02344 96
1778225165820 0.0236 97
1778225188501 0.02329 98
1778225213071 0.0236 99
1778225237859 0.02351 100
1778225262088 0.02367 101
1778225286390 0.02373 102
1778225310277 0.02382 103
1778225334091 0.02365 104
1778225357841 0.02336 105
1778225381177 0.02352 106
1778225404626 0.02336 107
1778225427862 0.02376 108
1778225452377 0.0233 109
1778225479341 0.02347 110
1778225503099 0.0232 111
1778225527605 0.02356 112
1778225551672 0.02362 113
1778225576020 0.02354 114
1778225600549 0.02344 115
1778225625152 0.02335 116
1778225648846 0.02346 117
1778225672265 0.02334 118
1778225696370 0.02354 119
1778225720630 0.0235 120
1778225744281 0.02355 121
1778225768625 0.02362 122
1778225793120 0.02388 123
1778225817460 0.02346 124
1778225841916 0.02373 125
1778225865915 0.02367 126
1778225890140 0.02348 127
1778225915771 0.02352 128
1778225941457 0.02354 129
1778225965246 0.02348 130
1778225989358 0.02379 131
1778226014830 0.02364 132
1778226038109 0.02341 133
1778226063344 0.02367 134
1778226086867 0.02377 135
1778226110019 0.02326 136
1778226134059 0.02312 137
1778226158334 0.02381 138
1778226182808 0.0236 139
1778226209967 0.02353 140
1778226235072 0.02344 141
1778226273227 0.02367 142
1778226316509 0.02349 143
1778226360697 0.02375 144
1778226415806 0.02349 145
1778226477577 0.02334 146
1778226538228 0.02358 147
1778226585761 0.0234 148
1778226644503 0.02362 149
