1778220455675 4.78101 0
1778220555352 4.74711 1
1778220651087 4.78713 2
1778220746898 4.76063 3
1778220855792 4.76014 4
1778220952375 4.78607 5
1778221047659 4.78965 6
1778221145579 4.76336 7
1778221254931 4.75471 8
1778221347055 4.78605 9
1778221442668 4.79936 10
1778221542319 4.77835 11
1778221653754 4.75125 12
1778221747932 4.7795 13
1778221843649 4.76507 14
1778221943338 4.78551 15
1778222054051 4.76888 16
1778222151306 4.77445 17
1778222248381 4.75465 18
1778222344958 4.77015 19
1778222455684 4.75948 20
1778222556015 4.76913 21
1778222651543 4.75073 22
1778222751298 4.7537 23
1778222859176 4.75242 24
1778222962808 4.80627 25
1778223059458 4.774 26
1778223156012 4.75044 27
1778223259625 4.7657 28
1778223365381 4.76781 29
1778223462068 4.76424 30
1778223559196 4.78303 31
1778223618572 4.79825 32
1778223643021 4.76551 33
1778223667180 4.78592 34
1778223690794 4.76067 35
1778223714944 4.75657 36
1778223739095 4.7462 37
1778223763324 4.75729 38
1778223786294 4.78722 39
1778223811356 4.7665 40
1778223836616 4.73554 41
1778223863087 4.77364 42
1778223886366 4.75732 43
1778223909375 4.77475 44
1778223932702 4.77652 45
1778223955691 4.78049 46
1778223978812 4.77045 47
1778224002062 4.78359 48
1778224025081 4.77282 49
1778224048126 4.76789 50
1778224070650 4.74496 51
1778224093555 4.76863 52
1778224116627 4.77668 53
1778224140825 4.7779 54
1778224164821 4.74472 55
1778224187884 4.74768 56
1778224211201 4.76359 57
1778224234407 4.77787 58
1778224259303 4.75916 59
1778224282482 4.78518 60
1778224305384 4.79053 61
1778224328580 4.76552 62
1778224351827 4.76942 63
1778224374739 4.76085 64
1778224397866 4.76661 65
1778224420872 4.77727 66
1778224444293 4.76581 67
1778224467906 4.72685 68
1778224491454 4.72925 69
1778224514439 4.78596 70
1778224539231 4.74493 71
1778224562208 4.76294 72
1778224587351 4.75336 73
1778224612130 4.79344 74
1778224637172 4.75194 75
1778224660042 4.76385 76
1778224683274 4.76585 77
1778224706429 4.76105 78
1778224729392 4.81415 79
1778224754215 4.74692 80
1778224777335 4.78254 81
1778224800675 4.7884 82
1778224823837 4.74183 83
1778224846958 4.76511 84
1778224869981 4.78037 85
1778224893118 4.77811 86
1778224916614 4.76407 87
1778224939773 4.76754 88
1778224975241 4.7908 89
1778225004388 4.7789 90
1778225027621 4.75703 91
1778225050699 4.76637 92
1778225073704 4.76743 93
1778225096777 4.76465 94
1778225119875 4.74548 95
1778225142648 4.75952 96
1778225165820 4.76058 97
1778225188501 4.77258 98
1778225213071 4.78657 99
1778225237859 4.78524 100
1778225262088 4.77029 101
1778225286390 4.8009 102
1778225310277 4.781 103
1778225334091 4.79192 104
1778225357841 4.77401 105
1778225381177 4.77059 106
1778225404626 4.77089 107
1778225427862 4.76482 108
1778225452377 4.77602 109
1778225479341 4.76219 110
1778225503099 4.75295 111
1778225527605 4.75743 112
1778225551672 4.79257 113
1778225576020 4.7741 114
1778225600549 4.76816 115
1778225625152 4.78251 116
1778225648846 4.76218 117
1778225672265 4.75473 118
1778225696370 4.74887 119
1778225720630 4.77047 120
1778225744281 4.76044 121
1778225768625 4.76179 122
1778225793120 4.79762 123
1778225817460 4.77161 124
1778225841916 4.77293 125
1778225865915 4.75749 126
1778225890140 4.75962 127
1778225915771 4.75243 128
1778225941457 4.77877 129
1778225965246 4.79197 130
1778225989358 4.81018 131
1778226014830 4.7575 132
1778226038109 4.76606 133
1778226063344 4.74592 134
1778226086867 4.77856 135
1778226110019 4.74305 136
1778226134059 4.75911 137
1778226158334 4.79384 138
1778226182808 4.78288 139
1778226209967 4.75884 140
1778226235072 4.77232 141
1778226273227 4.76145 142
1778226316509 4.77815 143
1778226360697 4.78018 144
1778226415806 4.75815 145
1778226477577 4.76352 146
1778226538228 4.78768 147
1778226585761 4.74527 148
1778226644503 4.78852 149
