1778220455675 0.85526 0
1778220555352 0.84598 1
1778220651087 0.83948 2
1778220746898 0.84531 3
1778220855792 0.84506 4
1778220952375 0.8449 5
1778221047659 0.84836 6
1778221145579 0.83592 7
1778221254931 0.83934 8
1778221347055 0.84145 9
1778221442668 0.84929 10
1778221542319 0.85475 11
1778221653754 0.83886 12
1778221747932 0.83748 13
1778221843649 0.84011 14
1778221943338 0.85474 15
1778222054051 0.84473 16
1778222151306 0.8452 17
1778222248381 0.8468 18
1778222344958 0.84669 19
1778222455684 0.84196 20
1778222556015 0.84755 21
1778222651543 0.84022 22
1778222751298 0.83717 23
1778222859176 0.85407 24
1778222962808 0.85639 25
1778223059458 0.84097 26
1778223156012 0.83945 27
1778223259625 0.85895 28
1778223365381 0.83603 29
1778223462068 0.84512 30
1778223559196 0.84286 31
1778223618572 0.84349 32
1778223643021 0.84363 33
1778223667180 0.85093 34
1778223690794 0.84411 35
1778223714944 0.84557 36
1778223739095 0.83303 37
1778223763324 0.84369 38
1778223786294 0.85363 39
1778223811356 0.84089 40
1778223836616 0.83542 41
1778223863087 0.83952 42
1778223886366 0.84642 43
1778223909375 0.84243 44
1778223932702 0.84232 45
1778223955691 0.84097 46
1778223978812 0.84574 47
1778224002062 0.85401 48
1778224025081 0.83636 49
1778224048126 0.8412 50
1778224070650 0.84255 51
1778224093555 0.85031 52
1778224116627 0.84838 53
1778224140825 0.84984 54
1778224164821 0.84071 55
1778224187884 0.84375 56
1778224211201 0.8491 57
1778224234407 0.85415 58
1778224259303 0.84694 59
1778224282482 0.85917 60
1778224305384 0.8544 61
1778224328580 0.84608 62
1778224351827 0.84413 63
1778224374739 0.84198 64
1778224397866 0.84229 65
1778224420872 0.84661 66
1778224444293 0.85933 67
1778224467906 0.83647 68
1778224491454 0.83319 69
1778224514439 0.85239 70
1778224539231 0.83233 71
1778224562208 0.84285 72
1778224587351 0.8506 73
1778224612130 0.85567 74
1778224637172 0.84452 75
1778224660042 0.83479 76
1778224683274 0.84884 77
1778224706429 0.85313 78
1778224729392 0.86109 79
1778224754215 0.84093 80
1778224777335 0.85211 81
1778224800675 0.84461 82
1778224823837 0.84473 83
1778224846958 0.83314 84
1778224869981 0.84226 85
1778224893118 0.84654 86
1778224916614 0.83326 87
1778224939773 0.85056 88
1778224975241 0.84764 89
1778225004388 0.84827 90
1778225027621 0.84976 91
1778225050699 0.84495 92
1778225073704 0.85286 93
1778225096777 0.84038 94
1778225119875 0.83508 95
1778225142648 0.84419 96
1778225165820 0.84318 97
1778225188501 0.83637 98
1778225213071 0.85026 99
1778225237859 0.84055 100
1778225262088 0.84801 101
1778225286390 0.84457 102
1778225310277 0.85033 103
1778225334091 0.85467 104
1778225357841 0.84483 105
1778225381177 0.84822 106
1778225404626 0.84426 107
1778225427862 0.84765 108
1778225452377 0.83928 109
1778225479341 0.84395 110
1778225503099 0.83565 111
1778225527605 0.85255 112
1778225551672 0.85122 113
1778225576020 0.85186 114
1778225600549 0.84313 115
1778225625152 0.83998 116
1778225648846 0.84355 117
1778225672265 0.84106 118
1778225696370 0.84568 119
1778225720630 0.84238 120
1778225744281 0.84991 121
1778225768625 0.83788 122
1778225793120 0.84941 123
1778225817460 0.84243 124
1778225841916 0.8477 125
1778225865915 0.84417 126
1778225890140 0.84013 127
1778225915771 0.84439 128
1778225941457 0.84842 129
1778225965246 0.84805 130
1778225989358 0.85442 131
1778226014830 0.84574 132
1778226038109 0.84644 133
1778226063344 0.84361 134
1778226086867 0.85034 135
1778226110019 0.83558 136
1778226134059 0.82579 137
1778226158334 0.84707 138
1778226182808 0.85231 139
1778226209967 0.84295 140
1778226235072 0.83039 141
1778226273227 0.84766 142
1778226316509 0.85296 143
1778226360697 0.85248 144
1778226415806 0.84084 145
1778226477577 0.8456 146
1778226538228 0.84719 147
1778226585761 0.83661 148
1778226644503 0.84656 149
