1778203116098 0.00023636986301369862 0
1778203146582 0.0004712390219178082 1
1778203175189 0.0007029665808219178 2
1778203203978 0.0006998627999999999 3
1778203233251 0.0006951504 4
1778203261242 0.000690438 5
1778203289337 0.0006857256 6
1778203317832 0.0006810132 7
1778203345954 0.0006763008000000001 8
1778203373843 0.0006715884 9
1778203401923 0.0006668760000000001 10
1778203429902 0.0006621636 11
1778203457369 0.0006574512 12
1778203485390 0.0006527388 13
1778203512877 0.0006480264 14
1778203540628 0.000643314 15
1778203568413 0.0006386016 16
1778203596269 0.0006338892000000001 17
1778203624085 0.0006291768 18
1778203651946 0.0006244644 19
1778203679394 0.000619752 20
1778203707479 0.0006150395999999999 21
1778203735630 0.0006103271999999999 22
1778203763269 0.0006056148 23
1778203790937 0.0006009024 24
1778203820014 0.00059619 25
1778203847816 0.0005914776000000001 26
1778203875506 0.0005867652000000001 27
1778203904531 0.0005820528000000001 28
1778203933434 0.0005773404 29
1778203962020 0.000572628 30
1778203990013 0.0005679156 31
1778204018241 0.0005632031999999999 32
1778204047520 0.0005584908 33
1778204077121 0.0005537784 34
1778204106291 0.000549066 35
1778204135213 0.0005443536 36
1778204164472 0.0005396412 37
1778204193631 0.0005349288 38
1778204222123 0.0005302164 39
1778204251167 0.0005255040000000001 40
1778204280189 0.0005207916 41
1778204308536 0.0005160792 42
1778204337624 0.0005113668 43
1778204366205 0.0005066544 44
1778204395616 0.000501942 45
1778204424909 0.0004972296000000001 46
1778204454154 0.0004925172 47
1778204482114 0.00048780479999999994 48
1778204510053 0.0004830924 49
1778204539335 0.00047838000000000004 50
1778204568689 0.0004736675999999999 51
1778204597391 0.00046895519999999997 52
1778204626367 0.0004642428000000001 53
1778204655315 0.00045953040000000007 54
1778204684102 0.000454818 55
1778204713266 0.00045010560000000006 56
1778204742064 0.0004453932 57
1778204770866 0.0004406808 58
1778204798788 0.00043596840000000004 59
1778204826449 0.000431256 60
1778204854217 0.00042654359999999997 61
1778204881950 0.0004218312 62
1778204909804 0.0004171188 63
1778204937587 0.0004124063999999999 64
1778204965414 0.00040769399999999995 65
1778204993673 0.0004029816 66
1778205021408 0.0003982692 67
1778205049354 0.00039355680000000004 68
1778205078517 0.0003888444000000001 69
1778205107678 0.00038413200000000003 70
1778205137307 0.00037941959999999997 71
1778205166495 0.0003747072 72
1778205195700 0.0003699948 73
1778205224905 0.00036528239999999995 74
1778205253832 0.00036057 75
1778205284341 0.0003558576 76
1778205313431 0.00035114520000000004 77
1778205342329 0.0003464328 78
1778205371588 0.0003417204000000001 79
1778205400932 0.000337008 80
1778205429180 0.00033229559999999996 81
1778205458274 0.0003275832 82
1778205486326 0.0003228708 83
1778205515212 0.00031815839999999995 84
1778205544466 0.000313446 85
1778205572621 0.0003087336 86
1778205600557 0.00030402120000000004 87
1778205628994 0.00029930880000000003 88
1778205657014 0.00029459639999999997 89
1778205685029 0.000289884 90
1778205713167 0.0002851716 91
1778205741671 0.0002804592 92
1778205770088 0.0002757468 93
1778205797611 0.0002710344 94
1778205826298 0.00026632200000000004 95
1778205855254 0.0002616096 96
1778205884374 0.00025689720000000003 97
1778205913460 0.0002521848 98
1778205942657 0.00024747239999999997 99
1778205971929 0.00024276 100
1778206000968 0.00023804759999999998 101
1778206030206 0.00023333519999999997 102
1778206058649 0.00022862280000000002 103
1778206086677 0.0002239104 104
1778206114566 0.00021919800000000004 105
1778206143149 0.0002144856 106
1778206171394 0.00020977319999999997 107
1778206199915 0.00020506080000000002 108
1778206227868 0.00020034840000000001 109
1778206256035 0.00019563600000000006 110
1778206284248 0.00019092360000000003 111
1778206312920 0.0001862112 112
1778206341899 0.00018149880000000002 113
1778206369922 0.00017678639999999999 114
1778206398918 0.00017207399999999998 115
1778206427826 0.00016736160000000003 116
1778206456136 0.0001626492 117
1778206485227 0.00015793680000000002 118
1778206512062 0.0001532244 119
1778206539838 0.00014851199999999998 120
1778206567597 0.00014379960000000003 121
1778206595395 0.0001390872 122
1778206623370 0.00013437480000000004 123
1778206651245 0.0001296624 124
1778206678870 0.00012494999999999997 125
1778206706586 0.00012023760000000004 126
1778206734157 0.0001155252 127
1778206762108 0.00011081279999999997 128
1778206791295 0.0001061004 129
1778206819260 0.00010138799999999999 130
1778206848418 9.667560000000003e-05 131
1778206876382 9.19632e-05 132
1778206904095 8.725079999999997e-05 133
1778206931877 8.25384e-05 134
1778206960521 7.782599999999998e-05 135
1778206988863 7.311360000000003e-05 136
1778207017453 6.84012e-05 137
1778207046639 6.368879999999998e-05 138
1778207076001 5.8976400000000014e-05 139
1778207112332 5.426399999999999e-05 140
1778207144932 4.9551600000000036e-05 141
1778207186129 4.483920000000001e-05 142
1778207214462 4.012679999999998e-05 143
1778207251005 3.541440000000003e-05 144
1778207282038 3.0702e-05 145
1778207310945 2.5989599999999965e-05 146
1778207340034 2.1277200000000014e-05 147
1778207368414 1.6564799999999984e-05 148
1778207396496 1.185240000000003e-05 149
