1778313660669 2.64965 0
1778313694732 2.65399 1
1778313726141 2.65701 2
1778313757931 2.65101 3
1778313789822 2.64251 4
1778313822327 2.65382 5
1778313854095 2.65055 6
1778313885755 2.65145 7
1778313917655 2.6631 8
1778313949657 2.65773 9
1778313981462 2.65301 10
1778314013178 2.65608 11
1778314044877 2.64741 12
1778314076487 2.65923 13
1778314108742 2.65059 14
1778314141136 2.6552 15
1778314172984 2.65878 16
1778314204876 2.66215 17
1778314236859 2.65721 18
1778314268417 2.657 19
1778314300320 2.65807 20
1778314332188 2.6491 21
1778314364074 2.64896 22
1778314396100 2.65217 23
1778314428073 2.66251 24
1778314460514 2.64932 25
1778314491893 2.65849 26
1778314525421 2.64722 27
1778314557566 2.65478 28
1778314589123 2.66214 29
1778314621847 2.67035 30
1778314653790 2.65737 31
1778314685246 2.65965 32
1778314717931 2.65585 33
1778314749952 2.65278 34
1778314782240 2.65807 35
1778314814411 2.65389 36
1778314846967 2.65854 37
1778314879320 2.64961 38
1778314911452 2.65245 39
1778314944371 2.6607 40
1778314975864 2.65154 41
1778315008649 2.65601 42
1778315040010 2.65844 43
1778315072287 2.65962 44
1778315104534 2.6556 45
1778315137217 2.65321 46
1778315169410 2.65936 47
1778315202754 2.65044 48
1778315236195 2.66438 49
1778315269998 2.65574 50
1778315302891 2.66341 51
1778315335286 2.66025 52
1778315369996 2.65247 53
1778315402968 2.6632 54
1778315437136 2.65419 55
1778315469239 2.65701 56
1778315501374 2.65758 57
1778315533468 2.65209 58
1778315565745 2.64938 59
1778315597177 2.65522 60
1778315630574 2.65943 61
1778315663521 2.65851 62
1778315696474 2.65034 63
1778315729570 2.66044 64
1778315761603 2.65284 65
1778315793727 2.65947 66
1778315826352 2.64733 67
1778315858564 2.64848 68
1778315924191 2.65938 69
1778315999327 2.65304 70
1778316084015 2.65875 71
1778316169274 2.67015 72
1778316216744 2.64672 73
1778316249303 2.65491 74
1778316282015 2.64944 75
1778316314552 2.66009 76
1778316376761 2.65836 77
1778316430957 2.66316 78
1778316475009 2.66177 79
1778316509175 2.65284 80
1778316543320 2.65161 81
1778316577594 2.66258 82
1778316612071 2.65106 83
1778316644843 2.64944 84
1778316678131 2.64666 85
1778316710321 2.65717 86
1778316765757 2.6471 87
1778316907255 2.65745 88
1778317042744 2.6603 89
1778317162612 2.64663 90
1778317327653 2.64026 91
1778317574675 2.66108 92
1778317789559 2.65486 93
1778317909746 2.65915 94
1778318035722 2.65462 95
1778318157471 2.66106 96
1778318275661 2.66177 97
1778318399823 2.65468 98
1778318519684 2.65391 99
1778318642515 2.66339 100
1778318767721 2.65745 101
1778318889201 2.65923 102
1778319012574 2.64949 103
1778319137836 2.65094 104
1778319319323 2.6536 105
1778319488917 2.65234 106
1778319680332 2.64841 107
1778319861143 2.65484 108
1778320016752 2.65904 109
