1778313660669 5.86007 0
1778313694732 5.86524 1
1778313726141 5.86095 2
1778313757931 5.86313 3
1778313789822 5.86322 4
1778313822327 5.87635 5
1778313854095 5.87225 6
1778313885755 5.86544 7
1778313917655 5.86298 8
1778313949657 5.86912 9
1778313981462 5.87294 10
1778314013178 5.87322 11
1778314044877 5.87393 12
1778314076487 5.8712 13
1778314108742 5.87285 14
1778314141136 5.86996 15
1778314172984 5.87038 16
1778314204876 5.87242 17
1778314236859 5.86996 18
1778314268417 5.86238 19
1778314300320 5.87048 20
1778314332188 5.87234 21
1778314364074 5.86459 22
1778314396100 5.86852 23
1778314428073 5.86404 24
1778314460514 5.87091 25
1778314491893 5.86122 26
1778314525421 5.86229 27
1778314557566 5.86476 28
1778314589123 5.86878 29
1778314621847 5.87367 30
1778314653790 5.87094 31
1778314685246 5.86847 32
1778314717931 5.87728 33
1778314749952 5.87113 34
1778314782240 5.87007 35
1778314814411 5.87833 36
1778314846967 5.87184 37
1778314879320 5.87384 38
1778314911452 5.88137 39
1778314944371 5.87602 40
1778314975864 5.86964 41
1778315008649 5.86986 42
1778315040010 5.87528 43
1778315072287 5.8781 44
1778315104534 5.86275 45
1778315137217 5.87144 46
1778315169410 5.86438 47
1778315202754 5.87143 48
1778315236195 5.87054 49
1778315269998 5.87142 50
1778315302891 5.86846 51
1778315335286 5.87001 52
1778315369996 5.86498 53
1778315402968 5.87484 54
1778315437136 5.86567 55
1778315469239 5.87036 56
1778315501374 5.87655 57
1778315533468 5.86641 58
1778315565745 5.86974 59
1778315597177 5.87191 60
1778315630574 5.86587 61
1778315663521 5.85902 62
1778315696474 5.87251 63
1778315729570 5.86395 64
1778315761603 5.87206 65
1778315793727 5.87371 66
1778315826352 5.87038 67
1778315858564 5.85459 68
1778315924191 5.87327 69
1778315999327 5.86577 70
1778316084015 5.86321 71
1778316169274 5.86778 72
1778316216744 5.87287 73
1778316249303 5.87092 74
1778316282015 5.86989 75
1778316314552 5.87209 76
1778316376761 5.86719 77
1778316430957 5.87051 78
1778316475009 5.86771 79
1778316509175 5.86642 80
1778316543320 5.86132 81
1778316577594 5.86349 82
1778316612071 5.87131 83
1778316644843 5.87705 84
1778316678131 5.86778 85
1778316710321 5.86609 86
1778316765757 5.87296 87
1778316907255 5.8722 88
1778317042744 5.85851 89
1778317162612 5.86571 90
1778317327653 5.87685 91
1778317574675 5.87464 92
1778317789559 5.86093 93
1778317909746 5.86835 94
1778318035722 5.87856 95
1778318157471 5.86151 96
1778318275661 5.86767 97
1778318399823 5.86676 98
1778318519684 5.87068 99
1778318642515 5.86548 100
1778318767721 5.86687 101
1778318889201 5.86102 102
1778319012574 5.88034 103
1778319137836 5.87704 104
1778319319323 5.8676 105
1778319488917 5.86389 106
1778319680332 5.86257 107
1778319861143 5.87396 108
1778320016752 5.86643 109
