1778313660669 4.15714 0
1778313694732 1.06112 1
1778313726141 0.97233 2
1778313757931 0.99881 3
1778313789822 0.9355 4
1778313822327 0.96981 5
1778313854095 0.89644 6
1778313885755 0.86755 7
1778313917655 0.87157 8
1778313949657 0.89203 9
1778313981462 0.86091 10
1778314013178 0.87429 11
1778314044877 0.8618 12
1778314076487 0.83332 13
1778314108742 0.84396 14
1778314141136 0.84061 15
1778314172984 0.84432 16
1778314204876 0.83702 17
1778314236859 0.83932 18
1778314268417 0.82082 19
1778314300320 0.82164 20
1778314332188 0.82291 21
1778314364074 0.81483 22
1778314396100 0.83158 23
1778314428073 0.81295 24
1778314460514 0.81101 25
1778314491893 0.81464 26
1778314525421 0.8051 27
1778314557566 0.80783 28
1778314589123 0.79669 29
1778314621847 0.79675 30
1778314653790 0.7999 31
1778314685246 0.79063 32
1778314717931 0.79347 33
1778314749952 0.81769 34
1778314782240 0.79338 35
1778314814411 0.806 36
1778314846967 0.81494 37
1778314879320 0.79337 38
1778314911452 0.77793 39
1778314944371 0.77306 40
1778314975864 0.7787 41
1778315008649 0.79041 42
1778315040010 0.78575 43
1778315072287 0.78226 44
1778315104534 0.77568 45
1778315137217 0.77636 46
1778315169410 0.77033 47
1778315202754 0.77315 48
1778315236195 0.77663 49
1778315269998 0.76445 50
1778315302891 0.77043 51
1778315335286 0.75714 52
1778315369996 0.75264 53
1778315402968 0.77034 54
1778315437136 0.76919 55
1778315469239 0.77064 56
1778315501374 0.76806 57
1778315533468 0.76426 58
1778315565745 0.75068 59
1778315597177 0.76703 60
1778315630574 0.76108 61
1778315663521 0.74555 62
1778315696474 0.74965 63
1778315729570 0.7517 64
1778315761603 0.75353 65
1778315793727 0.74897 66
1778315826352 0.74234 67
1778315858564 0.74512 68
1778315924191 0.7574 69
1778315999327 0.74172 70
1778316084015 0.75001 71
1778316169274 0.73916 72
1778316216744 0.74339 73
1778316249303 0.7342 74
1778316282015 0.74261 75
1778316314552 0.74031 76
1778316376761 0.73783 77
1778316430957 0.73913 78
1778316475009 0.73166 79
1778316509175 0.7368 80
1778316543320 0.73303 81
1778316577594 0.72857 82
1778316612071 0.73395 83
1778316644843 0.74095 84
1778316678131 0.73501 85
1778316710321 0.73676 86
1778316765757 0.72904 87
1778316907255 0.72679 88
1778317042744 0.72991 89
1778317162612 0.72918 90
1778317327653 0.72654 91
1778317574675 0.73195 92
1778317789559 0.72837 93
1778317909746 0.7285 94
1778318035722 0.71946 95
1778318157471 0.7218 96
1778318275661 0.72165 97
1778318399823 0.72751 98
1778318519684 0.73591 99
1778318642515 0.73347 100
1778318767721 0.73066 101
1778318889201 0.71132 102
1778319012574 0.72213 103
1778319137836 0.72855 104
1778319319323 0.71768 105
1778319488917 0.71278 106
1778319680332 0.72063 107
1778319861143 0.71149 108
1778320016752 0.71969 109
