1778313660669 0.03344 0
1778313694732 0.03312 1
1778313726141 0.03304 2
1778313757931 0.03312 3
1778313789822 0.03291 4
1778313822327 0.03304 5
1778313854095 0.03316 6
1778313885755 0.03275 7
1778313917655 0.03296 8
1778313949657 0.03301 9
1778313981462 0.03328 10
1778314013178 0.03332 11
1778314044877 0.03274 12
1778314076487 0.03297 13
1778314108742 0.03288 14
1778314141136 0.03358 15
1778314172984 0.03295 16
1778314204876 0.03319 17
1778314236859 0.03321 18
1778314268417 0.03318 19
1778314300320 0.03311 20
1778314332188 0.03325 21
1778314364074 0.03302 22
1778314396100 0.03293 23
1778314428073 0.03346 24
1778314460514 0.03325 25
1778314491893 0.03301 26
1778314525421 0.03274 27
1778314557566 0.03337 28
1778314589123 0.03311 29
1778314621847 0.03318 30
1778314653790 0.03328 31
1778314685246 0.03311 32
1778314717931 0.03305 33
1778314749952 0.03332 34
1778314782240 0.03303 35
1778314814411 0.03312 36
1778314846967 0.03282 37
1778314879320 0.03308 38
1778314911452 0.03325 39
1778314944371 0.03309 40
1778314975864 0.03296 41
1778315008649 0.03292 42
1778315040010 0.03321 43
1778315072287 0.03312 44
1778315104534 0.03322 45
1778315137217 0.03308 46
1778315169410 0.03303 47
1778315202754 0.0335 48
1778315236195 0.03317 49
1778315269998 0.03302 50
1778315302891 0.03307 51
1778315335286 0.03337 52
1778315369996 0.03307 53
1778315402968 0.0333 54
1778315437136 0.03297 55
1778315469239 0.033 56
1778315501374 0.03309 57
1778315533468 0.03338 58
1778315565745 0.03292 59
1778315597177 0.03352 60
1778315630574 0.03352 61
1778315663521 0.03324 62
1778315696474 0.03303 63
1778315729570 0.03306 64
1778315761603 0.03294 65
1778315793727 0.03316 66
1778315826352 0.03323 67
1778315858564 0.03261 68
1778315924191 0.03292 69
1778315999327 0.03321 70
1778316084015 0.03263 71
1778316169274 0.03326 72
1778316216744 0.03311 73
1778316249303 0.03331 74
1778316282015 0.03325 75
1778316314552 0.03283 76
1778316376761 0.03323 77
1778316430957 0.03332 78
1778316475009 0.03355 79
1778316509175 0.03278 80
1778316543320 0.03326 81
1778316577594 0.03315 82
1778316612071 0.03289 83
1778316644843 0.0329 84
1778316678131 0.03281 85
1778316710321 0.03299 86
1778316765757 0.03247 87
1778316907255 0.03326 88
1778317042744 0.03337 89
1778317162612 0.03309 90
1778317327653 0.03316 91
1778317574675 0.03322 92
1778317789559 0.03345 93
1778317909746 0.03315 94
1778318035722 0.03284 95
1778318157471 0.0328 96
1778318275661 0.03313 97
1778318399823 0.03295 98
1778318519684 0.03314 99
1778318642515 0.03313 100
1778318767721 0.03326 101
1778318889201 0.03328 102
1778319012574 0.03335 103
1778319137836 0.03314 104
1778319319323 0.03286 105
1778319488917 0.03301 106
1778319680332 0.03285 107
1778319861143 0.0333 108
1778320016752 0.03275 109
