1778313660669 4.71374 0
1778313694732 4.68501 1
1778313726141 4.71116 2
1778313757931 4.69348 3
1778313789822 4.69745 4
1778313822327 4.71168 5
1778313854095 4.71051 6
1778313885755 4.70031 7
1778313917655 4.70111 8
1778313949657 4.70978 9
1778313981462 4.71703 10
1778314013178 4.70552 11
1778314044877 4.6937 12
1778314076487 4.70078 13
1778314108742 4.70302 14
1778314141136 4.71157 15
1778314172984 4.69925 16
1778314204876 4.70821 17
1778314236859 4.69405 18
1778314268417 4.69898 19
1778314300320 4.7007 20
1778314332188 4.70054 21
1778314364074 4.68459 22
1778314396100 4.6887 23
1778314428073 4.6911 24
1778314460514 4.71493 25
1778314491893 4.71054 26
1778314525421 4.68942 27
1778314557566 4.69073 28
1778314589123 4.70029 29
1778314621847 4.70904 30
1778314653790 4.70245 31
1778314685246 4.72165 32
1778314717931 4.69998 33
1778314749952 4.70736 34
1778314782240 4.70603 35
1778314814411 4.70564 36
1778314846967 4.69241 37
1778314879320 4.69739 38
1778314911452 4.70696 39
1778314944371 4.71009 40
1778314975864 4.69527 41
1778315008649 4.70641 42
1778315040010 4.69359 43
1778315072287 4.70626 44
1778315104534 4.70174 45
1778315137217 4.71017 46
1778315169410 4.69893 47
1778315202754 4.70777 48
1778315236195 4.70225 49
1778315269998 4.69671 50
1778315302891 4.68735 51
1778315335286 4.69993 52
1778315369996 4.70443 53
1778315402968 4.70439 54
1778315437136 4.69222 55
1778315469239 4.69704 56
1778315501374 4.70838 57
1778315533468 4.70803 58
1778315565745 4.68988 59
1778315597177 4.70726 60
1778315630574 4.70071 61
1778315663521 4.70104 62
1778315696474 4.71308 63
1778315729570 4.69932 64
1778315761603 4.69724 65
1778315793727 4.71184 66
1778315826352 4.6974 67
1778315858564 4.69273 68
1778315924191 4.68607 69
1778315999327 4.70019 70
1778316084015 4.68757 71
1778316169274 4.70363 72
1778316216744 4.70424 73
1778316249303 4.70809 74
1778316282015 4.70274 75
1778316314552 4.70295 76
1778316376761 4.6862 77
1778316430957 4.69979 78
1778316475009 4.71746 79
1778316509175 4.69362 80
1778316543320 4.70107 81
1778316577594 4.70198 82
1778316612071 4.6954 83
1778316644843 4.6955 84
1778316678131 4.69787 85
1778316710321 4.70984 86
1778316765757 4.70032 87
1778316907255 4.69379 88
1778317042744 4.70801 89
1778317162612 4.70011 90
1778317327653 4.69472 91
1778317574675 4.70016 92
1778317789559 4.70289 93
1778317909746 4.70346 94
1778318035722 4.70526 95
1778318157471 4.6975 96
1778318275661 4.69792 97
1778318399823 4.71628 98
1778318519684 4.71452 99
1778318642515 4.70701 100
1778318767721 4.71116 101
1778318889201 4.7213 102
1778319012574 4.69311 103
1778319137836 4.71485 104
1778319319323 4.71049 105
1778319488917 4.70494 106
1778319680332 4.6981 107
1778319861143 4.7054 108
1778320016752 4.69658 109
