1778313660669 0.80949 0
1778313694732 0.80143 1
1778313726141 0.79743 2
1778313757931 0.80015 3
1778313789822 0.80256 4
1778313822327 0.8005 5
1778313854095 0.80656 6
1778313885755 0.79395 7
1778313917655 0.79681 8
1778313949657 0.79841 9
1778313981462 0.80366 10
1778314013178 0.81138 11
1778314044877 0.79751 12
1778314076487 0.79633 13
1778314108742 0.7965 14
1778314141136 0.81083 15
1778314172984 0.80098 16
1778314204876 0.80186 17
1778314236859 0.80205 18
1778314268417 0.80134 19
1778314300320 0.79968 20
1778314332188 0.80362 21
1778314364074 0.79783 22
1778314396100 0.7928 23
1778314428073 0.80896 24
1778314460514 0.80926 25
1778314491893 0.79761 26
1778314525421 0.79526 27
1778314557566 0.81144 28
1778314589123 0.79739 29
1778314621847 0.79945 30
1778314653790 0.79951 31
1778314685246 0.80051 32
1778314717931 0.80146 33
1778314749952 0.80655 34
1778314782240 0.80126 35
1778314814411 0.80248 36
1778314846967 0.79198 37
1778314879320 0.80094 38
1778314911452 0.80868 39
1778314944371 0.79667 40
1778314975864 0.79528 41
1778315008649 0.79448 42
1778315040010 0.80142 43
1778315072287 0.79745 44
1778315104534 0.80035 45
1778315137217 0.79804 46
1778315169410 0.79852 47
1778315202754 0.80911 48
1778315236195 0.79583 49
1778315269998 0.79769 50
1778315302891 0.79727 51
1778315335286 0.80398 52
1778315369996 0.80234 53
1778315402968 0.80401 54
1778315437136 0.79735 55
1778315469239 0.79985 56
1778315501374 0.80383 57
1778315533468 0.81108 58
1778315565745 0.80024 59
1778315597177 0.81374 60
1778315630574 0.81013 61
1778315663521 0.80181 62
1778315696474 0.79957 63
1778315729570 0.79896 64
1778315761603 0.79843 65
1778315793727 0.80401 66
1778315826352 0.81148 67
1778315858564 0.7926 68
1778315924191 0.79098 69
1778315999327 0.80541 70
1778316084015 0.78903 71
1778316169274 0.80084 72
1778316216744 0.80544 73
1778316249303 0.81078 74
1778316282015 0.80368 75
1778316314552 0.79246 76
1778316376761 0.80057 77
1778316430957 0.80733 78
1778316475009 0.80877 79
1778316509175 0.79849 80
1778316543320 0.80678 81
1778316577594 0.80017 82
1778316612071 0.79827 83
1778316644843 0.79065 84
1778316678131 0.79814 85
1778316710321 0.80156 86
1778316765757 0.78995 87
1778316907255 0.80738 88
1778317042744 0.80208 89
1778317162612 0.80397 90
1778317327653 0.80509 91
1778317574675 0.79994 92
1778317789559 0.80739 93
1778317909746 0.79888 94
1778318035722 0.79264 95
1778318157471 0.79603 96
1778318275661 0.80288 97
1778318399823 0.79642 98
1778318519684 0.80624 99
1778318642515 0.79747 100
1778318767721 0.80351 101
1778318889201 0.80315 102
1778319012574 0.80641 103
1778319137836 0.8093 104
1778319319323 0.7988 105
1778319488917 0.8021 106
1778319680332 0.7978 107
1778319861143 0.80635 108
1778320016752 0.79694 109
