1778313664778 0.00011 0
1778313696458 0.0001 1
1778313727859 0.0001 2
1778313759654 0.0001 3
1778313791552 0.0001 4
1778313824054 9e-05 5
1778313855823 0.0001 6
1778313887901 0.0001 7
1778313919396 0.00011 8
1778313951428 0.00012 9
1778313983188 0.0001 10
1778314014901 9e-05 11
1778314046619 0.0001 12
1778314078681 0.0001 13
1778314110462 0.00011 14
1778314142864 0.0001 15
1778314174724 0.0001 16
1778314206611 0.0001 17
1778314238800 0.0001 18
1778314270525 0.0001 19
1778314302047 0.00011 20
1778314333904 0.0001 21
1778314365843 0.00011 22
1778314397865 0.0001 23
1778314429814 9e-05 24
1778314462251 9e-05 25
1778314494426 0.0001 26
1778314527147 0.0001 27
1778314559294 9e-05 28
1778314590861 0.00011 29
1778314623572 0.0001 30
1778314655514 0.0001 31
1778314687542 0.0001 32
1778314719658 9e-05 33
1778314751697 0.0001 34
1778314783969 0.0001 35
1778314816158 9e-05 36
1778314848690 0.0001 37
1778314881067 0.00011 38
1778314913195 9e-05 39
1778314946117 9e-05 40
1778314978110 0.0001 41
1778315010390 0.00011 42
1778315041751 9e-05 43
1778315074011 0.0001 44
1778315106668 0.0001 45
1778315138949 0.0001 46
1778315171181 0.00011 47
1778315204479 9e-05 48
1778315237976 9e-05 49
1778315271726 0.00011 50
1778315304649 0.00011 51
1778315337636 0.0001 52
1778315371829 9e-05 53
1778315404726 0.00011 54
1778315438860 0.0001 55
1778315470959 0.00011 56
1778315503108 0.0001 57
1778315535207 0.0001 58
1778315567485 9e-05 59
1778315598921 0.0001 60
1778315632316 0.0001 61
1778315665250 0.0001 62
1778315698213 0.00012 63
1778315731298 0.0001 64
1778315763330 0.0001 65
1778315795457 0.00011 66
1778315828092 9e-05 67
1778315860698 0.0001 68
1778315928585 0.0001 69
1778316004187 9e-05 70
1778316089238 0.0001 71
1778316174172 0.0001 72
1778316218551 9e-05 73
1778316251050 0.0001 74
1778316284023 0.0001 75
1778316316361 9e-05 76
1778316380978 0.0001 77
1778316434217 0.0001 78
1778316477422 0.0001 79
1778316511933 9e-05 80
1778316545414 0.0001 81
1778316579791 0.00011 82
1778316613876 0.00011 83
1778316646895 0.00011 84
1778316680010 9e-05 85
1778316712220 0.0001 86
1778316772238 0.00011 87
1778316916996 9e-05 88
1778317049752 0.0001 89
1778317168975 9e-05 90
1778317341796 0.0001 91
1778317589336 0.00011 92
1778317796397 0.0001 93
1778317916711 0.0001 94
1778318042844 0.0001 95
1778318164084 0.0001 96
1778318282693 0.0001 97
1778318406814 0.0001 98
1778318526304 0.0001 99
1778318649559 0.0001 100
1778318774607 9e-05 101
1778318895496 9e-05 102
1778319017974 0.0001 103
1778319148958 0.0001 104
1778319329563 0.0001 105
1778319499176 0.0001 106
1778319690212 0.0001 107
1778319874560 0.0001 108
1778320023162 0.0001 109
1778320032783 0.00011646702657564127 109
