1778313664778 0.00136 0
1778313696458 0.0013 1
1778313727859 0.00121 2
1778313759654 0.00121 3
1778313791552 0.0013 4
1778313824054 0.0013 5
1778313855823 0.00124 6
1778313887901 0.00124 7
1778313919396 0.00122 8
1778313951428 0.00126 9
1778313983188 0.00123 10
1778314014901 0.00116 11
1778314046619 0.00122 12
1778314078681 0.00117 13
1778314110462 0.0012 14
1778314142864 0.00118 15
1778314174724 0.0012 16
1778314206611 0.00123 17
1778314238800 0.00125 18
1778314270525 0.00122 19
1778314302047 0.00121 20
1778314333904 0.00119 21
1778314365843 0.00119 22
1778314397865 0.00123 23
1778314429814 0.00125 24
1778314462251 0.00121 25
1778314494426 0.00121 26
1778314527147 0.0012 27
1778314559294 0.00119 28
1778314590861 0.00117 29
1778314623572 0.00118 30
1778314655514 0.00122 31
1778314687542 0.00123 32
1778314719658 0.00119 33
1778314751697 0.00118 34
1778314783969 0.00121 35
1778314816158 0.00115 36
1778314848690 0.00122 37
1778314881067 0.0012 38
1778314913195 0.00114 39
1778314946117 0.00119 40
1778314978110 0.00117 41
1778315010390 0.00125 42
1778315041751 0.00117 43
1778315074011 0.00121 44
1778315106668 0.00124 45
1778315138949 0.00119 46
1778315171181 0.00129 47
1778315204479 0.00119 48
1778315237976 0.00118 49
1778315271726 0.00123 50
1778315304649 0.0012 51
1778315337636 0.00119 52
1778315371829 0.00119 53
1778315404726 0.00119 54
1778315438860 0.00121 55
1778315470959 0.00122 56
1778315503108 0.00118 57
1778315535207 0.00118 58
1778315567485 0.00117 59
1778315598921 0.00119 60
1778315632316 0.0012 61
1778315665250 0.00125 62
1778315698213 0.00119 63
1778315731298 0.00121 64
1778315763330 0.00121 65
1778315795457 0.00124 66
1778315828092 0.00122 67
1778315860698 0.00127 68
1778315928585 0.00119 69
1778316004187 0.0012 70
1778316089238 0.00127 71
1778316174172 0.00119 72
1778316218551 0.00115 73
1778316251050 0.00119 74
1778316284023 0.00114 75
1778316316361 0.00119 76
1778316380978 0.00121 77
1778316434217 0.00119 78
1778316477422 0.00123 79
1778316511933 0.00123 80
1778316545414 0.00126 81
1778316579791 0.00121 82
1778316613876 0.00115 83
1778316646895 0.00126 84
1778316680010 0.00121 85
1778316712220 0.0012 86
1778316772238 0.00114 87
1778316916996 0.00115 88
1778317049752 0.00129 89
1778317168975 0.0012 90
1778317341796 0.00124 91
1778317589336 0.0012 92
1778317796397 0.00121 93
1778317916711 0.00119 94
1778318042844 0.00123 95
1778318164084 0.00121 96
1778318282693 0.0012 97
1778318406814 0.00121 98
1778318526304 0.00119 99
1778318649559 0.00118 100
1778318774607 0.00117 101
1778318895496 0.00115 102
1778319017974 0.00119 103
1778319148958 0.00123 104
1778319329563 0.00119 105
1778319499176 0.00117 106
1778319690212 0.0012 107
1778319874560 0.00129 108
1778320023162 0.00125 109
1778320032783 0.0012630519804088876 109
