1778313664778 0.03273 0
1778313696458 0.0332 1
1778313727859 0.03248 2
1778313759654 0.03073 3
1778313791552 0.03738 4
1778313824054 0.03359 5
1778313855823 0.03666 6
1778313887901 0.03386 7
1778313919396 0.03517 8
1778313951428 0.03475 9
1778313983188 0.03463 10
1778314014901 0.03238 11
1778314046619 0.03078 12
1778314078681 0.03659 13
1778314110462 0.03759 14
1778314142864 0.0351 15
1778314174724 0.03382 16
1778314206611 0.03639 17
1778314238800 0.03899 18
1778314270525 0.03291 19
1778314302047 0.03113 20
1778314333904 0.03815 21
1778314365843 0.03596 22
1778314397865 0.03316 23
1778314429814 0.03173 24
1778314462251 0.03208 25
1778314494426 0.03433 26
1778314527147 0.03053 27
1778314559294 0.02909 28
1778314590861 0.03458 29
1778314623572 0.03596 30
1778314655514 0.03551 31
1778314687542 0.03229 32
1778314719658 0.03355 33
1778314751697 0.0281 34
1778314783969 0.03776 35
1778314816158 0.03191 36
1778314848690 0.0363 37
1778314881067 0.03193 38
1778314913195 0.0365 39
1778314946117 0.0332 40
1778314978110 0.0354 41
1778315010390 0.03598 42
1778315041751 0.03591 43
1778315074011 0.03495 44
1778315106668 0.03534 45
1778315138949 0.03106 46
1778315171181 0.0376 47
1778315204479 0.03154 48
1778315237976 0.03205 49
1778315271726 0.03389 50
1778315304649 0.03619 51
1778315337636 0.03188 52
1778315371829 0.03105 53
1778315404726 0.03717 54
1778315438860 0.04024 55
1778315470959 0.04001 56
1778315503108 0.02978 57
1778315535207 0.03697 58
1778315567485 0.03703 59
1778315598921 0.03295 60
1778315632316 0.03342 61
1778315665250 0.03519 62
1778315698213 0.03597 63
1778315731298 0.03638 64
1778315763330 0.03587 65
1778315795457 0.037 66
1778315828092 0.03043 67
1778315860698 0.03035 68
1778315928585 0.03445 69
1778316004187 0.03167 70
1778316089238 0.03352 71
1778316174172 0.03367 72
1778316218551 0.03547 73
1778316251050 0.03176 74
1778316284023 0.02844 75
1778316316361 0.02969 76
1778316380978 0.03243 77
1778316434217 0.03559 78
1778316477422 0.0324 79
1778316511933 0.03016 80
1778316545414 0.03673 81
1778316579791 0.03569 82
1778316613876 0.0315 83
1778316646895 0.03507 84
1778316680010 0.03016 85
1778316712220 0.03368 86
1778316772238 0.03439 87
1778316916996 0.03524 88
1778317049752 0.03315 89
1778317168975 0.0267 90
1778317341796 0.03488 91
1778317589336 0.03963 92
1778317796397 0.03565 93
1778317916711 0.03474 94
1778318042844 0.03518 95
1778318164084 0.03438 96
1778318282693 0.03147 97
1778318406814 0.03803 98
1778318526304 0.032 99
1778318649559 0.02983 100
1778318774607 0.03142 101
1778318895496 0.03091 102
1778319017974 0.03395 103
1778319148958 0.031 104
1778319329563 0.03181 105
1778319499176 0.03518 106
1778319690212 0.03011 107
1778319874560 0.02993 108
1778320023162 0.03502 109
1778320032783 0.034193979922632296 109
