1778313664778 0.02096 0
1778313696458 0.01956 1
1778313727859 0.01934 2
1778313759654 0.01688 3
1778313791552 0.02441 4
1778313824054 0.01761 5
1778313855823 0.02144 6
1778313887901 0.019 7
1778313919396 0.02176 8
1778313951428 0.01946 9
1778313983188 0.02223 10
1778314014901 0.01664 11
1778314046619 0.01777 12
1778314078681 0.02198 13
1778314110462 0.02247 14
1778314142864 0.02278 15
1778314174724 0.01989 16
1778314206611 0.02157 17
1778314238800 0.02243 18
1778314270525 0.01664 19
1778314302047 0.01967 20
1778314333904 0.02125 21
1778314365843 0.02279 22
1778314397865 0.02067 23
1778314429814 0.01633 24
1778314462251 0.01946 25
1778314494426 0.02037 26
1778314527147 0.01869 27
1778314559294 0.01721 28
1778314590861 0.02374 29
1778314623572 0.02068 30
1778314655514 0.02015 31
1778314687542 0.01869 32
1778314719658 0.01994 33
1778314751697 0.01892 34
1778314783969 0.02324 35
1778314816158 0.01722 36
1778314848690 0.02474 37
1778314881067 0.0189 38
1778314913195 0.01995 39
1778314946117 0.0165 40
1778314978110 0.02369 41
1778315010390 0.02038 42
1778315041751 0.02061 43
1778315074011 0.01855 44
1778315106668 0.02307 45
1778315138949 0.01886 46
1778315171181 0.02104 47
1778315204479 0.02107 48
1778315237976 0.01797 49
1778315271726 0.02276 50
1778315304649 0.02284 51
1778315337636 0.02215 52
1778315371829 0.01994 53
1778315404726 0.02442 54
1778315438860 0.02298 55
1778315470959 0.02293 56
1778315503108 0.01457 57
1778315535207 0.0215 58
1778315567485 0.01746 59
1778315598921 0.01762 60
1778315632316 0.02066 61
1778315665250 0.02122 62
1778315698213 0.02335 63
1778315731298 0.02144 64
1778315763330 0.02067 65
1778315795457 0.02193 66
1778315828092 0.01719 67
1778315860698 0.01648 68
1778315928585 0.02206 69
1778316004187 0.0216 70
1778316089238 0.02057 71
1778316174172 0.0192 72
1778316218551 0.02163 73
1778316251050 0.01657 74
1778316284023 0.01871 75
1778316316361 0.01588 76
1778316380978 0.01881 77
1778316434217 0.02261 78
1778316477422 0.01946 79
1778316511933 0.01694 80
1778316545414 0.02043 81
1778316579791 0.0224 82
1778316613876 0.02019 83
1778316646895 0.02372 84
1778316680010 0.01707 85
1778316712220 0.01895 86
1778316772238 0.02037 87
1778316916996 0.01991 88
1778317049752 0.01967 89
1778317168975 0.0135 90
1778317341796 0.02356 91
1778317589336 0.02401 92
1778317796397 0.02013 93
1778317916711 0.02309 94
1778318042844 0.02272 95
1778318164084 0.02002 96
1778318282693 0.0156 97
1778318406814 0.02317 98
1778318526304 0.01864 99
1778318649559 0.01786 100
1778318774607 0.01733 101
1778318895496 0.01239 102
1778319017974 0.02012 103
1778319148958 0.0189 104
1778319329563 0.01914 105
1778319499176 0.02025 106
1778319690212 0.01558 107
1778319874560 0.01886 108
1778320023162 0.02121 109
1778320032783 0.018633312411570086 109
