1778313664778 0.00171 0
1778313696458 0.00168 1
1778313727859 0.00168 2
1778313759654 0.00152 3
1778313791552 0.00183 4
1778313824054 0.00152 5
1778313855823 0.00177 6
1778313887901 0.00158 7
1778313919396 0.00181 8
1778313951428 0.00168 9
1778313983188 0.00187 10
1778314014901 0.00159 11
1778314046619 0.00152 12
1778314078681 0.00187 13
1778314110462 0.00174 14
1778314142864 0.00177 15
1778314174724 0.00161 16
1778314206611 0.00177 17
1778314238800 0.00177 18
1778314270525 0.00152 19
1778314302047 0.00171 20
1778314333904 0.00177 21
1778314365843 0.00177 22
1778314397865 0.00178 23
1778314429814 0.00152 24
1778314462251 0.00161 25
1778314494426 0.00171 26
1778314527147 0.00158 27
1778314559294 0.00152 28
1778314590861 0.00177 29
1778314623572 0.00171 30
1778314655514 0.00171 31
1778314687542 0.00158 32
1778314719658 0.00168 33
1778314751697 0.00148 34
1778314783969 0.00197 35
1778314816158 0.00162 36
1778314848690 0.00187 37
1778314881067 0.00158 38
1778314913195 0.00161 39
1778314946117 0.00152 40
1778314978110 0.00177 41
1778315010390 0.00167 42
1778315041751 0.00181 43
1778315074011 0.00165 44
1778315106668 0.00183 45
1778315138949 0.00158 46
1778315171181 0.00181 47
1778315204479 0.00167 48
1778315237976 0.00148 49
1778315271726 0.00171 50
1778315304649 0.00177 51
1778315337636 0.00167 52
1778315371829 0.00168 53
1778315404726 0.00177 54
1778315438860 0.00183 55
1778315470959 0.00187 56
1778315503108 0.00146 57
1778315535207 0.00177 58
1778315567485 0.00169 59
1778315598921 0.00165 60
1778315632316 0.00167 61
1778315665250 0.00177 62
1778315698213 0.00187 63
1778315731298 0.00171 64
1778315763330 0.00171 65
1778315795457 0.00167 66
1778315828092 0.00152 67
1778315860698 0.00162 68
1778315928585 0.00167 69
1778316004187 0.00167 70
1778316089238 0.00168 71
1778316174172 0.00171 72
1778316218551 0.00177 73
1778316251050 0.00152 74
1778316284023 0.00158 75
1778316316361 0.00142 76
1778316380978 0.00158 77
1778316434217 0.00177 78
1778316477422 0.00167 79
1778316511933 0.00152 80
1778316545414 0.00181 81
1778316579791 0.00177 82
1778316613876 0.00158 83
1778316646895 0.00187 84
1778316680010 0.00148 85
1778316712220 0.00171 86
1778316772238 0.00171 87
1778316916996 0.00175 88
1778317049752 0.00168 89
1778317168975 0.00136 90
1778317341796 0.00177 91
1778317589336 0.00187 92
1778317796397 0.00171 93
1778317916711 0.00177 94
1778318042844 0.00177 95
1778318164084 0.00168 96
1778318282693 0.00146 97
1778318406814 0.00187 98
1778318526304 0.00158 99
1778318649559 0.00152 100
1778318774607 0.00152 101
1778318895496 0.0014 102
1778319017974 0.00171 103
1778319148958 0.00161 104
1778319329563 0.00168 105
1778319499176 0.00171 106
1778319690212 0.00152 107
1778319874560 0.00161 108
1778320023162 0.00177 109
1778320032783 0.0015784426394436142 109
