1778313664778 0.00371 0
1778313696458 0.0038 1
1778313727859 0.0038 2
1778313759654 0.00364 3
1778313791552 0.00395 4
1778313824054 0.0037 5
1778313855823 0.00395 6
1778313887901 0.00364 7
1778313919396 0.00393 8
1778313951428 0.00386 9
1778313983188 0.00399 10
1778314014901 0.0037 11
1778314046619 0.00331 12
1778314078681 0.00365 13
1778314110462 0.00324 14
1778314142864 0.00353 15
1778314174724 0.00345 16
1778314206611 0.00395 17
1778314238800 0.00367 18
1778314270525 0.00342 19
1778314302047 0.00349 20
1778314333904 0.00401 21
1778314365843 0.00389 22
1778314397865 0.00357 23
1778314429814 0.0037 24
1778314462251 0.00373 25
1778314494426 0.00377 26
1778314527147 0.00337 27
1778314559294 0.00331 28
1778314590861 0.00309 29
1778314623572 0.00355 30
1778314655514 0.00387 31
1778314687542 0.00337 32
1778314719658 0.0038 33
1778314751697 0.00329 34
1778314783969 0.00415 35
1778314816158 0.0038 36
1778314848690 0.00353 37
1778314881067 0.0037 38
1778314913195 0.00379 39
1778314946117 0.00342 40
1778314978110 0.00343 41
1778315010390 0.00379 42
1778315041751 0.00337 43
1778315074011 0.00355 44
1778315106668 0.00395 45
1778315138949 0.00337 46
1778315171181 0.00405 47
1778315204479 0.00339 48
1778315237976 0.0036 49
1778315271726 0.00303 50
1778315304649 0.00389 51
1778315337636 0.00361 52
1778315371829 0.00375 53
1778315404726 0.00355 54
1778315438860 0.00407 55
1778315470959 0.00411 56
1778315503108 0.00364 57
1778315535207 0.00405 58
1778315567485 0.00399 59
1778315598921 0.00383 60
1778315632316 0.00379 61
1778315665250 0.00395 62
1778315698213 0.00399 63
1778315731298 0.00377 64
1778315763330 0.00355 65
1778315795457 0.00351 66
1778315828092 0.00364 67
1778315860698 0.0038 68
1778315928585 0.00345 69
1778316004187 0.00339 70
1778316089238 0.00347 71
1778316174172 0.00389 72
1778316218551 0.00383 73
1778316251050 0.0037 74
1778316284023 0.00352 75
1778316316361 0.00354 76
1778316380978 0.0037 77
1778316434217 0.00389 78
1778316477422 0.00351 79
1778316511933 0.00331 80
1778316545414 0.00405 81
1778316579791 0.00389 82
1778316613876 0.0029 83
1778316646895 0.00353 84
1778316680010 0.0036 85
1778316712220 0.00389 86
1778316772238 0.00355 87
1778316916996 0.00393 88
1778317049752 0.0038 89
1778317168975 0.00349 90
1778317341796 0.00383 91
1778317589336 0.00365 92
1778317796397 0.00383 93
1778317916711 0.00383 94
1778318042844 0.00355 95
1778318164084 0.00352 96
1778318282693 0.00331 97
1778318406814 0.00405 98
1778318526304 0.0037 99
1778318649559 0.00352 100
1778318774607 0.00364 101
1778318895496 0.00358 102
1778319017974 0.00377 103
1778319148958 0.00339 104
1778319329563 0.0038 105
1778319499176 0.00389 106
1778319690212 0.0037 107
1778319874560 0.0036 108
1778320023162 0.00361 109
1778320032783 0.003764396954836883 109
