1778203120140 0.0001 0
1778203148219 9e-05 1
1778203176838 0.0001 2
1778203205641 0.0001 3
1778203234902 0.0001 4
1778203262897 0.0001 5
1778203291045 0.0001 6
1778203319490 9e-05 7
1778203347597 0.0001 8
1778203375480 0.0001 9
1778203403589 0.0001 10
1778203431610 9e-05 11
1778203459013 9e-05 12
1778203487043 0.0001 13
1778203514520 0.0001 14
1778203542259 0.00011 15
1778203570053 0.0001 16
1778203597911 0.0001 17
1778203625735 9e-05 18
1778203653595 0.0001 19
1778203681044 0.0001 20
1778203709368 0.0001 21
1778203737259 9e-05 22
1778203764917 0.00011 23
1778203792573 9e-05 24
1778203821651 0.0001 25
1778203849460 0.0001 26
1778203877163 9e-05 27
1778203906211 0.0001 28
1778203935083 0.0001 29
1778203963690 0.0001 30
1778203991667 0.0001 31
1778204019952 0.0001 32
1778204049557 0.0001 33
1778204078811 0.0001 34
1778204107972 0.0001 35
1778204136928 0.0001 36
1778204166149 0.0001 37
1778204195313 0.0001 38
1778204223753 0.0001 39
1778204252850 9e-05 40
1778204281870 0.0001 41
1778204310248 0.0001 42
1778204339295 0.0001 43
1778204367861 0.0001 44
1778204397648 9e-05 45
1778204426566 0.0001 46
1778204455827 0.0001 47
1778204483774 0.0001 48
1778204511710 0.0001 49
1778204541036 0.0001 50
1778204570346 0.0001 51
1778204599107 0.0001 52
1778204628013 9e-05 53
1778204656982 0.0001 54
1778204685780 0.0001 55
1778204714944 9e-05 56
1778204743715 0.0001 57
1778204772508 9e-05 58
1778204800429 9e-05 59
1778204828091 9e-05 60
1778204855888 0.0001 61
1778204883589 0.00013 62
1778204911446 0.0001 63
1778204939239 9e-05 64
1778204967053 9e-05 65
1778204995333 0.0001 66
1778205023057 9e-05 67
1778205050992 0.0001 68
1778205080252 0.0001 69
1778205109375 9e-05 70
1778205139006 0.0001 71
1778205168182 0.0001 72
1778205197385 9e-05 73
1778205226600 9e-05 74
1778205255996 0.0001 75
1778205286017 9e-05 76
1778205315092 0.0001 77
1778205343987 0.00011 78
1778205373468 0.0001 79
1778205402592 0.0001 80
1778205430856 0.0001 81
1778205459941 0.0001 82
1778205487985 9e-05 83
1778205516905 0.0001 84
1778205546158 0.0001 85
1778205574274 9e-05 86
1778205602200 9e-05 87
1778205630654 0.0001 88
1778205658673 0.0001 89
1778205686906 0.0001 90
1778205714819 0.0001 91
1778205743324 0.00011 92
1778205771746 9e-05 93
1778205799248 9e-05 94
1778205827945 0.0001 95
1778205856943 0.0001 96
1778205886061 0.0001 97
1778205915139 0.0001 98
1778205944356 0.00013 99
1778205973611 0.0001 100
1778206002651 0.0001 101
1778206031892 0.0001 102
1778206060500 0.0001 103
1778206088328 0.0001 104
1778206116280 0.0001 105
1778206144786 9e-05 106
1778206173036 9e-05 107
1778206201559 9e-05 108
1778206229527 0.0001 109
1778206257748 0.0001 110
1778206285902 0.0001 111
1778206314598 0.0001 112
1778206343550 0.0001 113
1778206371798 9e-05 114
1778206400604 9e-05 115
1778206429499 0.0001 116
1778206457786 9e-05 117
1778206486865 9e-05 118
1778206513700 0.0001 119
1778206541481 0.0001 120
1778206569258 0.0001 121
1778206597048 9e-05 122
1778206625011 0.0001 123
1778206652898 9e-05 124
1778206680739 0.0001 125
1778206708228 0.0001 126
1778206735805 9e-05 127
1778206763790 0.0001 128
1778206792942 0.0001 129
1778206820918 0.0001 130
1778206850100 0.0001 131
1778206878025 0.0001 132
1778206905730 9e-05 133
1778206933527 0.0001 134
1778206962376 0.0001 135
1778206990512 0.0001 136
1778207019107 0.0001 137
1778207048300 0.0001 138
1778207077782 9e-05 139
1778207114278 0.0001 140
1778207147297 0.0001 141
1778207187778 0.0001 142
1778207216848 0.0001 143
1778207253375 9e-05 144
1778207283696 0.0001 145
1778207312842 0.0001 146
1778207341701 9e-05 147
1778207370056 0.0001 148
1778207398505 0.0001 149
1778207402679 9.925873743119322e-05 149
