1778203120140 0.00191 0
1778203148219 0.0015 1
1778203176838 0.00157 2
1778203205641 0.00205 3
1778203234902 0.00183 4
1778203262897 0.00197 5
1778203291045 0.00155 6
1778203319490 0.00147 7
1778203347597 0.00151 8
1778203375480 0.00195 9
1778203403589 0.00192 10
1778203431610 0.00181 11
1778203459013 0.00152 12
1778203487043 0.00152 13
1778203514520 0.0019 14
1778203542259 0.0016 15
1778203570053 0.00147 16
1778203597911 0.00186 17
1778203625735 0.00151 18
1778203653595 0.00149 19
1778203681044 0.00155 20
1778203709368 0.00183 21
1778203737259 0.00155 22
1778203764917 0.00156 23
1778203792573 0.00158 24
1778203821651 0.00192 25
1778203849460 0.00148 26
1778203877163 0.00177 27
1778203906211 0.00177 28
1778203935083 0.00143 29
1778203963690 0.00196 30
1778203991667 0.00197 31
1778204019952 0.00157 32
1778204049557 0.00146 33
1778204078811 0.00201 34
1778204107972 0.00158 35
1778204136928 0.00185 36
1778204166149 0.00152 37
1778204195313 0.00183 38
1778204223753 0.00156 39
1778204252850 0.0015 40
1778204281870 0.00147 41
1778204310248 0.0016 42
1778204339295 0.00154 43
1778204367861 0.00158 44
1778204397648 0.00166 45
1778204426566 0.00187 46
1778204455827 0.00168 47
1778204483774 0.00179 48
1778204511710 0.00168 49
1778204541036 0.00178 50
1778204570346 0.00194 51
1778204599107 0.00191 52
1778204628013 0.00172 53
1778204656982 0.00147 54
1778204685780 0.00161 55
1778204714944 0.00184 56
1778204743715 0.00153 57
1778204772508 0.00184 58
1778204800429 0.00168 59
1778204828091 0.00187 60
1778204855888 0.00197 61
1778204883589 0.00167 62
1778204911446 0.00166 63
1778204939239 0.00164 64
1778204967053 0.00148 65
1778204995333 0.00163 66
1778205023057 0.00166 67
1778205050992 0.00153 68
1778205080252 0.00185 69
1778205109375 0.00163 70
1778205139006 0.00144 71
1778205168182 0.0018 72
1778205197385 0.00161 73
1778205226600 0.00187 74
1778205255996 0.00166 75
1778205286017 0.0015 76
1778205315092 0.00155 77
1778205343987 0.00186 78
1778205373468 0.00145 79
1778205402592 0.00147 80
1778205430856 0.00154 81
1778205459941 0.0016 82
1778205487985 0.00152 83
1778205516905 0.00147 84
1778205546158 0.00201 85
1778205574274 0.00146 86
1778205602200 0.00146 87
1778205630654 0.00162 88
1778205658673 0.00166 89
1778205686906 0.00145 90
1778205714819 0.00205 91
1778205743324 0.00163 92
1778205771746 0.00193 93
1778205799248 0.00156 94
1778205827945 0.00152 95
1778205856943 0.00146 96
1778205886061 0.00152 97
1778205915139 0.00156 98
1778205944356 0.0015 99
1778205973611 0.00158 100
1778206002651 0.00151 101
1778206031892 0.00198 102
1778206060500 0.00199 103
1778206088328 0.00174 104
1778206116280 0.00149 105
1778206144786 0.00166 106
1778206173036 0.00158 107
1778206201559 0.00189 108
1778206229527 0.00147 109
1778206257748 0.0018 110
1778206285902 0.00168 111
1778206314598 0.00154 112
1778206343550 0.00159 113
1778206371798 0.00163 114
1778206400604 0.00158 115
1778206429499 0.00148 116
1778206457786 0.00148 117
1778206486865 0.00146 118
1778206513700 0.00155 119
1778206541481 0.00147 120
1778206569258 0.00163 121
1778206597048 0.0015 122
1778206625011 0.00178 123
1778206652898 0.00199 124
1778206680739 0.00158 125
1778206708228 0.0019 126
1778206735805 0.00165 127
1778206763790 0.00199 128
1778206792942 0.00188 129
1778206820918 0.00163 130
1778206850100 0.00177 131
1778206878025 0.00183 132
1778206905730 0.0015 133
1778206933527 0.00151 134
1778206962376 0.00164 135
1778206990512 0.00157 136
1778207019107 0.00165 137
1778207048300 0.00165 138
1778207077782 0.00196 139
1778207114278 0.00164 140
1778207147297 0.00156 141
1778207187778 0.0019 142
1778207216848 0.00203 143
1778207253375 0.00148 144
1778207283696 0.00148 145
1778207312842 0.00194 146
1778207341701 0.00182 147
1778207370056 0.0016 148
1778207398505 0.00196 149
1778207402679 0.001964281486322817 149
