1778203120140 0.00024 0
1778203148219 0.00023 1
1778203176838 0.00026 2
1778203205641 0.00023 3
1778203234902 0.00024 4
1778203262897 0.00026 5
1778203291045 0.00024 6
1778203319490 0.00023 7
1778203347597 0.00024 8
1778203375480 0.00026 9
1778203403589 0.00026 10
1778203431610 0.00022 11
1778203459013 0.00022 12
1778203487043 0.00027 13
1778203514520 0.00023 14
1778203542259 0.00026 15
1778203570053 0.00022 16
1778203597911 0.00025 17
1778203625735 0.00023 18
1778203653595 0.00024 19
1778203681044 0.00026 20
1778203709368 0.00024 21
1778203737259 0.00023 22
1778203764917 0.00025 23
1778203792573 0.00025 24
1778203821651 0.00024 25
1778203849460 0.00026 26
1778203877163 0.00024 27
1778203906211 0.00027 28
1778203935083 0.00022 29
1778203963690 0.00026 30
1778203991667 0.00023 31
1778204019952 0.00027 32
1778204049557 0.00023 33
1778204078811 0.00024 34
1778204107972 0.00024 35
1778204136928 0.00024 36
1778204166149 0.00028 37
1778204195313 0.00026 38
1778204223753 0.00023 39
1778204252850 0.00022 40
1778204281870 0.00022 41
1778204310248 0.00028 42
1778204339295 0.00031 43
1778204367861 0.00024 44
1778204397648 0.00024 45
1778204426566 0.00028 46
1778204455827 0.00026 47
1778204483774 0.00024 48
1778204511710 0.00024 49
1778204541036 0.00025 50
1778204570346 0.00025 51
1778204599107 0.00024 52
1778204628013 0.00024 53
1778204656982 0.00024 54
1778204685780 0.00024 55
1778204714944 0.00024 56
1778204743715 0.00029 57
1778204772508 0.00025 58
1778204800429 0.00023 59
1778204828091 0.00024 60
1778204855888 0.00025 61
1778204883589 0.00058 62
1778204911446 0.00025 63
1778204939239 0.00024 64
1778204967053 0.0002 65
1778204995333 0.00024 66
1778205023057 0.00023 67
1778205050992 0.00029 68
1778205080252 0.00024 69
1778205109375 0.00021 70
1778205139006 0.00023 71
1778205168182 0.00026 72
1778205197385 0.00021 73
1778205226600 0.00023 74
1778205255996 0.00025 75
1778205286017 0.00023 76
1778205315092 0.00023 77
1778205343987 0.00027 78
1778205373468 0.00025 79
1778205402592 0.00021 80
1778205430856 0.00023 81
1778205459941 0.00024 82
1778205487985 0.00022 83
1778205516905 0.00024 84
1778205546158 0.00025 85
1778205574274 0.00023 86
1778205602200 0.00024 87
1778205630654 0.00026 88
1778205658673 0.00027 89
1778205686906 0.00024 90
1778205714819 0.00025 91
1778205743324 0.00023 92
1778205771746 0.00021 93
1778205799248 0.00025 94
1778205827945 0.00026 95
1778205856943 0.00025 96
1778205886061 0.00024 97
1778205915139 0.00023 98
1778205944356 0.00055 99
1778205973611 0.00024 100
1778206002651 0.00025 101
1778206031892 0.00023 102
1778206060500 0.00026 103
1778206088328 0.00024 104
1778206116280 0.00025 105
1778206144786 0.00021 106
1778206173036 0.00023 107
1778206201559 0.00024 108
1778206229527 0.00025 109
1778206257748 0.00025 110
1778206285902 0.00027 111
1778206314598 0.00024 112
1778206343550 0.00024 113
1778206371798 0.00024 114
1778206400604 0.00022 115
1778206429499 0.00025 116
1778206457786 0.00022 117
1778206486865 0.00023 118
1778206513700 0.00023 119
1778206541481 0.00022 120
1778206569258 0.00026 121
1778206597048 0.00022 122
1778206625011 0.00028 123
1778206652898 0.00023 124
1778206680739 0.00026 125
1778206708228 0.00025 126
1778206735805 0.00023 127
1778206763790 0.00023 128
1778206792942 0.00024 129
1778206820918 0.00026 130
1778206850100 0.00024 131
1778206878025 0.00023 132
1778206905730 0.00023 133
1778206933527 0.00023 134
1778206962376 0.00025 135
1778206990512 0.00023 136
1778207019107 0.00026 137
1778207048300 0.00023 138
1778207077782 0.00024 139
1778207114278 0.00022 140
1778207147297 0.00025 141
1778207187778 0.00024 142
1778207216848 0.00024 143
1778207253375 0.00021 144
1778207283696 0.00024 145
1778207312842 0.00025 146
1778207341701 0.00023 147
1778207370056 0.00027 148
1778207398505 0.00023 149
1778207402679 0.00025720411561517577 149
