1778203120140 0.00066 0
1778203148219 0.00048 1
1778203176838 0.00051 2
1778203205641 0.00066 3
1778203234902 0.00062 4
1778203262897 0.00066 5
1778203291045 0.00048 6
1778203319490 0.00046 7
1778203347597 0.00048 8
1778203375480 0.00065 9
1778203403589 0.00065 10
1778203431610 0.00062 11
1778203459013 0.00049 12
1778203487043 0.00048 13
1778203514520 0.00064 14
1778203542259 0.00048 15
1778203570053 0.00049 16
1778203597911 0.00064 17
1778203625735 0.00049 18
1778203653595 0.00047 19
1778203681044 0.00049 20
1778203709368 0.00064 21
1778203737259 0.00049 22
1778203764917 0.0005 23
1778203792573 0.00049 24
1778203821651 0.00062 25
1778203849460 0.00048 26
1778203877163 0.00062 27
1778203906211 0.00063 28
1778203935083 0.00047 29
1778203963690 0.00065 30
1778203991667 0.00065 31
1778204019952 0.00049 32
1778204049557 0.00049 33
1778204078811 0.00067 34
1778204107972 0.00049 35
1778204136928 0.00065 36
1778204166149 0.0005 37
1778204195313 0.00064 38
1778204223753 0.00047 39
1778204252850 0.00048 40
1778204281870 0.00049 41
1778204310248 0.00049 42
1778204339295 0.00049 43
1778204367861 0.00048 44
1778204397648 0.0005 45
1778204426566 0.00064 46
1778204455827 0.00051 47
1778204483774 0.00064 48
1778204511710 0.00051 49
1778204541036 0.00063 50
1778204570346 0.00063 51
1778204599107 0.00063 52
1778204628013 0.00053 53
1778204656982 0.00048 54
1778204685780 0.00048 55
1778204714944 0.00064 56
1778204743715 0.00048 57
1778204772508 0.00063 58
1778204800429 0.00049 59
1778204828091 0.00063 60
1778204855888 0.00067 61
1778204883589 0.0005 62
1778204911446 0.00049 63
1778204939239 0.00047 64
1778204967053 0.00048 65
1778204995333 0.0005 66
1778205023057 0.00049 67
1778205050992 0.00049 68
1778205080252 0.00064 69
1778205109375 0.00049 70
1778205139006 0.00048 71
1778205168182 0.00063 72
1778205197385 0.00048 73
1778205226600 0.00064 74
1778205255996 0.00049 75
1778205286017 0.00047 76
1778205315092 0.00048 77
1778205343987 0.00065 78
1778205373468 0.00047 79
1778205402592 0.00048 80
1778205430856 0.00049 81
1778205459941 0.00049 82
1778205487985 0.00049 83
1778205516905 0.00049 84
1778205546158 0.00066 85
1778205574274 0.00047 86
1778205602200 0.00046 87
1778205630654 0.00049 88
1778205658673 0.00053 89
1778205686906 0.00047 90
1778205714819 0.00066 91
1778205743324 0.00049 92
1778205771746 0.00065 93
1778205799248 0.00049 94
1778205827945 0.00049 95
1778205856943 0.00047 96
1778205886061 0.00049 97
1778205915139 0.00049 98
1778205944356 0.00048 99
1778205973611 0.0005 100
1778206002651 0.00048 101
1778206031892 0.00066 102
1778206060500 0.00065 103
1778206088328 0.00062 104
1778206116280 0.00049 105
1778206144786 0.00047 106
1778206173036 0.00049 107
1778206201559 0.00064 108
1778206229527 0.00048 109
1778206257748 0.00063 110
1778206285902 0.00051 111
1778206314598 0.00046 112
1778206343550 0.0005 113
1778206371798 0.00048 114
1778206400604 0.00048 115
1778206429499 0.00048 116
1778206457786 0.00048 117
1778206486865 0.00048 118
1778206513700 0.00047 119
1778206541481 0.00049 120
1778206569258 0.00048 121
1778206597048 0.00047 122
1778206625011 0.00062 123
1778206652898 0.00065 124
1778206680739 0.00048 125
1778206708228 0.00065 126
1778206735805 0.0005 127
1778206763790 0.00065 128
1778206792942 0.00063 129
1778206820918 0.0005 130
1778206850100 0.00063 131
1778206878025 0.00065 132
1778206905730 0.00047 133
1778206933527 0.00047 134
1778206962376 0.00049 135
1778206990512 0.0005 136
1778207019107 0.0005 137
1778207048300 0.00049 138
1778207077782 0.00064 139
1778207114278 0.0005 140
1778207147297 0.00048 141
1778207187778 0.00064 142
1778207216848 0.00066 143
1778207253375 0.00046 144
1778207283696 0.00048 145
1778207312842 0.00065 146
1778207341701 0.00063 147
1778207370056 0.00049 148
1778207398505 0.00066 149
1778207402679 0.0006693704336863393 149
