1778203120140 0.0279 0
1778203148219 0.02834 1
1778203176838 0.02533 2
1778203205641 0.02703 3
1778203234902 0.02752 4
1778203262897 0.02573 5
1778203291045 0.02629 6
1778203319490 0.02595 7
1778203347597 0.02711 8
1778203375480 0.02691 9
1778203403589 0.02453 10
1778203431610 0.02413 11
1778203459013 0.02659 12
1778203487043 0.02659 13
1778203514520 0.02695 14
1778203542259 0.02892 15
1778203570053 0.02396 16
1778203597911 0.02653 17
1778203625735 0.02546 18
1778203653595 0.02429 19
1778203681044 0.02581 20
1778203709368 0.02503 21
1778203737259 0.02558 22
1778203764917 0.02948 23
1778203792573 0.02561 24
1778203821651 0.02518 25
1778203849460 0.02481 26
1778203877163 0.02731 27
1778203906211 0.02693 28
1778203935083 0.02662 29
1778203963690 0.0251 30
1778203991667 0.02414 31
1778204019952 0.026 32
1778204049557 0.0266 33
1778204078811 0.02751 34
1778204107972 0.02546 35
1778204136928 0.02505 36
1778204166149 0.02877 37
1778204195313 0.02672 38
1778204223753 0.02438 39
1778204252850 0.02636 40
1778204281870 0.02675 41
1778204310248 0.02564 42
1778204339295 0.02513 43
1778204367861 0.0264 44
1778204397648 0.02705 45
1778204426566 0.02617 46
1778204455827 0.026 47
1778204483774 0.02777 48
1778204511710 0.02535 49
1778204541036 0.02694 50
1778204570346 0.02583 51
1778204599107 0.02584 52
1778204628013 0.02744 53
1778204656982 0.0255 54
1778204685780 0.0244 55
1778204714944 0.02574 56
1778204743715 0.02725 57
1778204772508 0.02499 58
1778204800429 0.02569 59
1778204828091 0.02736 60
1778204855888 0.02546 61
1778204883589 0.02502 62
1778204911446 0.02741 63
1778204939239 0.02719 64
1778204967053 0.02693 65
1778204995333 0.02663 66
1778205023057 0.02536 67
1778205050992 0.02757 68
1778205080252 0.02721 69
1778205109375 0.02594 70
1778205139006 0.02649 71
1778205168182 0.02514 72
1778205197385 0.024 73
1778205226600 0.02476 74
1778205255996 0.02417 75
1778205286017 0.02708 76
1778205315092 0.02807 77
1778205343987 0.02588 78
1778205373468 0.02497 79
1778205402592 0.02738 80
1778205430856 0.02783 81
1778205459941 0.02471 82
1778205487985 0.02694 83
1778205516905 0.02684 84
1778205546158 0.02511 85
1778205574274 0.02699 86
1778205602200 0.02697 87
1778205630654 0.02552 88
1778205658673 0.02592 89
1778205686906 0.02579 90
1778205714819 0.02647 91
1778205743324 0.02673 92
1778205771746 0.02515 93
1778205799248 0.0249 94
1778205827945 0.02646 95
1778205856943 0.02536 96
1778205886061 0.02623 97
1778205915139 0.02717 98
1778205944356 0.02551 99
1778205973611 0.02707 100
1778206002651 0.02721 101
1778206031892 0.02499 102
1778206060500 0.0253 103
1778206088328 0.02661 104
1778206116280 0.02796 105
1778206144786 0.02654 106
1778206173036 0.0246 107
1778206201559 0.02457 108
1778206229527 0.02557 109
1778206257748 0.02487 110
1778206285902 0.02668 111
1778206314598 0.0263 112
1778206343550 0.02591 113
1778206371798 0.02808 114
1778206400604 0.02591 115
1778206429499 0.02704 116
1778206457786 0.0267 117
1778206486865 0.02663 118
1778206513700 0.02527 119
1778206541481 0.02682 120
1778206569258 0.02456 121
1778206597048 0.02653 122
1778206625011 0.02685 123
1778206652898 0.02589 124
1778206680739 0.02514 125
1778206708228 0.02665 126
1778206735805 0.02489 127
1778206763790 0.026 128
1778206792942 0.02614 129
1778206820918 0.02482 130
1778206850100 0.02495 131
1778206878025 0.02557 132
1778206905730 0.02407 133
1778206933527 0.02482 134
1778206962376 0.02536 135
1778206990512 0.02657 136
1778207019107 0.02714 137
1778207048300 0.02826 138
1778207077782 0.02606 139
1778207114278 0.0269 140
1778207147297 0.02492 141
1778207187778 0.02531 142
1778207216848 0.02648 143
1778207253375 0.02629 144
1778207283696 0.02693 145
1778207312842 0.02592 146
1778207341701 0.02464 147
1778207370056 0.02585 148
1778207398505 0.02646 149
1778207402679 0.025773330508054818 149
