1778203120140 0.02088 0
1778203148219 0.02063 1
1778203176838 0.01951 2
1778203205641 0.0207 3
1778203234902 0.02152 4
1778203262897 0.01983 5
1778203291045 0.02014 6
1778203319490 0.01975 7
1778203347597 0.02093 8
1778203375480 0.02035 9
1778203403589 0.02133 10
1778203431610 0.01965 11
1778203459013 0.01871 12
1778203487043 0.02198 13
1778203514520 0.02221 14
1778203542259 0.02262 15
1778203570053 0.01789 16
1778203597911 0.02019 17
1778203625735 0.01871 18
1778203653595 0.0189 19
1778203681044 0.01816 20
1778203709368 0.02068 21
1778203737259 0.0195 22
1778203764917 0.02126 23
1778203792573 0.01999 24
1778203821651 0.02005 25
1778203849460 0.01961 26
1778203877163 0.02064 27
1778203906211 0.02028 28
1778203935083 0.01947 29
1778203963690 0.0201 30
1778203991667 0.01904 31
1778204019952 0.02082 32
1778204049557 0.01934 33
1778204078811 0.02115 34
1778204107972 0.02046 35
1778204136928 0.01908 36
1778204166149 0.02133 37
1778204195313 0.02109 38
1778204223753 0.02057 39
1778204252850 0.02014 40
1778204281870 0.01935 41
1778204310248 0.0195 42
1778204339295 0.02021 43
1778204367861 0.01931 44
1778204397648 0.02051 45
1778204426566 0.02081 46
1778204455827 0.02065 47
1778204483774 0.02167 48
1778204511710 0.02002 49
1778204541036 0.0211 50
1778204570346 0.02156 51
1778204599107 0.02002 52
1778204628013 0.02093 53
1778204656982 0.02043 54
1778204685780 0.01958 55
1778204714944 0.01995 56
1778204743715 0.02204 57
1778204772508 0.02009 58
1778204800429 0.0193 59
1778204828091 0.02117 60
1778204855888 0.01948 61
1778204883589 0.01933 62
1778204911446 0.02153 63
1778204939239 0.02194 64
1778204967053 0.02042 65
1778204995333 0.01969 66
1778205023057 0.02022 67
1778205050992 0.0217 68
1778205080252 0.02056 69
1778205109375 0.01893 70
1778205139006 0.01885 71
1778205168182 0.01977 72
1778205197385 0.0171 73
1778205226600 0.02033 74
1778205255996 0.02 75
1778205286017 0.01976 76
1778205315092 0.02125 77
1778205343987 0.01989 78
1778205373468 0.02038 79
1778205402592 0.01821 80
1778205430856 0.02092 81
1778205459941 0.02037 82
1778205487985 0.01894 83
1778205516905 0.01922 84
1778205546158 0.01929 85
1778205574274 0.0197 86
1778205602200 0.02037 87
1778205630654 0.02076 88
1778205658673 0.0198 89
1778205686906 0.02049 90
1778205714819 0.0195 91
1778205743324 0.02071 92
1778205771746 0.01837 93
1778205799248 0.01981 94
1778205827945 0.02044 95
1778205856943 0.02002 96
1778205886061 0.02056 97
1778205915139 0.02027 98
1778205944356 0.01953 99
1778205973611 0.02003 100
1778206002651 0.02051 101
1778206031892 0.01954 102
1778206060500 0.01941 103
1778206088328 0.0219 104
1778206116280 0.02077 105
1778206144786 0.01896 106
1778206173036 0.01868 107
1778206201559 0.02047 108
1778206229527 0.01991 109
1778206257748 0.01992 110
1778206285902 0.02041 111
1778206314598 0.02063 112
1778206343550 0.02001 113
1778206371798 0.02107 114
1778206400604 0.01878 115
1778206429499 0.02129 116
1778206457786 0.01854 117
1778206486865 0.0201 118
1778206513700 0.02009 119
1778206541481 0.01954 120
1778206569258 0.02094 121
1778206597048 0.01962 122
1778206625011 0.02341 123
1778206652898 0.01987 124
1778206680739 0.02092 125
1778206708228 0.02055 126
1778206735805 0.0189 127
1778206763790 0.02015 128
1778206792942 0.01931 129
1778206820918 0.01966 130
1778206850100 0.01949 131
1778206878025 0.01934 132
1778206905730 0.01827 133
1778206933527 0.01932 134
1778206962376 0.01983 135
1778206990512 0.01906 136
1778207019107 0.01953 137
1778207048300 0.02119 138
1778207077782 0.01976 139
1778207114278 0.01906 140
1778207147297 0.01947 141
1778207187778 0.01977 142
1778207216848 0.02094 143
1778207253375 0.01903 144
1778207283696 0.0192 145
1778207312842 0.02094 146
1778207341701 0.01904 147
1778207370056 0.01981 148
1778207398505 0.02018 149
1778207402679 0.01990466323468758 149
