1778203120140 0.00489 0
1778203148219 0.00482 1
1778203176838 0.00498 2
1778203205641 0.00448 3
1778203234902 0.00505 4
1778203262897 0.00498 5
1778203291045 0.00503 6
1778203319490 0.0045 7
1778203347597 0.00512 8
1778203375480 0.00559 9
1778203403589 0.0055 10
1778203431610 0.00432 11
1778203459013 0.00391 12
1778203487043 0.00561 13
1778203514520 0.00487 14
1778203542259 0.00534 15
1778203570053 0.00388 16
1778203597911 0.00488 17
1778203625735 0.00446 18
1778203653595 0.00481 19
1778203681044 0.00438 20
1778203709368 0.00508 21
1778203737259 0.00432 22
1778203764917 0.00537 23
1778203792573 0.00482 24
1778203821651 0.00484 25
1778203849460 0.00476 26
1778203877163 0.0051 27
1778203906211 0.00531 28
1778203935083 0.00436 29
1778203963690 0.00482 30
1778203991667 0.00436 31
1778204019952 0.00523 32
1778204049557 0.0046 33
1778204078811 0.00442 34
1778204107972 0.0055 35
1778204136928 0.0048 36
1778204166149 0.00497 37
1778204195313 0.00543 38
1778204223753 0.00452 39
1778204252850 0.00442 40
1778204281870 0.00416 41
1778204310248 0.00466 42
1778204339295 0.0052 43
1778204367861 0.00444 44
1778204397648 0.00466 45
1778204426566 0.00487 46
1778204455827 0.00578 47
1778204483774 0.00475 48
1778204511710 0.00464 49
1778204541036 0.00476 50
1778204570346 0.00577 51
1778204599107 0.0044 52
1778204628013 0.00497 53
1778204656982 0.00442 54
1778204685780 0.00452 55
1778204714944 0.00482 56
1778204743715 0.00541 57
1778204772508 0.00525 58
1778204800429 0.0047 59
1778204828091 0.00488 60
1778204855888 0.00472 61
1778204883589 0.0051 62
1778204911446 0.00539 63
1778204939239 0.00512 64
1778204967053 0.00495 65
1778204995333 0.00497 66
1778205023057 0.00442 67
1778205050992 0.00642 68
1778205080252 0.00504 69
1778205109375 0.0041 70
1778205139006 0.00428 71
1778205168182 0.00471 72
1778205197385 0.00394 73
1778205226600 0.00448 74
1778205255996 0.00458 75
1778205286017 0.00444 76
1778205315092 0.00475 77
1778205343987 0.00442 78
1778205373468 0.00503 79
1778205402592 0.00408 80
1778205430856 0.0048 81
1778205459941 0.00482 82
1778205487985 0.00404 83
1778205516905 0.00436 84
1778205546158 0.00491 85
1778205574274 0.00503 86
1778205602200 0.00476 87
1778205630654 0.0048 88
1778205658673 0.0048 89
1778205686906 0.00486 90
1778205714819 0.0046 91
1778205743324 0.00448 92
1778205771746 0.004 93
1778205799248 0.00456 94
1778205827945 0.00478 95
1778205856943 0.00525 96
1778205886061 0.0044 97
1778205915139 0.00518 98
1778205944356 0.00466 99
1778205973611 0.0047 100
1778206002651 0.00476 101
1778206031892 0.00442 102
1778206060500 0.00476 103
1778206088328 0.00562 104
1778206116280 0.00552 105
1778206144786 0.0041 106
1778206173036 0.0047 107
1778206201559 0.00501 108
1778206229527 0.00525 109
1778206257748 0.00472 110
1778206285902 0.00493 111
1778206314598 0.00507 112
1778206343550 0.00482 113
1778206371798 0.00509 114
1778206400604 0.0041 115
1778206429499 0.00509 116
1778206457786 0.0043 117
1778206486865 0.00492 118
1778206513700 0.00452 119
1778206541481 0.00416 120
1778206569258 0.00471 121
1778206597048 0.00432 122
1778206625011 0.00617 123
1778206652898 0.00442 124
1778206680739 0.00481 125
1778206708228 0.00482 126
1778206735805 0.00442 127
1778206763790 0.00454 128
1778206792942 0.00466 129
1778206820918 0.0047 130
1778206850100 0.00436 131
1778206878025 0.00438 132
1778206905730 0.00406 133
1778206933527 0.00438 134
1778206962376 0.00482 135
1778206990512 0.00436 136
1778207019107 0.00488 137
1778207048300 0.00481 138
1778207077782 0.00476 139
1778207114278 0.0041 140
1778207147297 0.00444 141
1778207187778 0.00482 142
1778207216848 0.00488 143
1778207253375 0.00416 144
1778207283696 0.00458 145
1778207312842 0.00516 146
1778207341701 0.00438 147
1778207370056 0.005 148
1778207398505 0.00448 149
1778207402679 0.005102472661401517 149
