1778203120140 0.00844 0
1778203148219 0.00899 1
1778203176838 0.00792 2
1778203205641 0.00824 3
1778203234902 0.00859 4
1778203262897 0.00802 5
1778203291045 0.00855 6
1778203319490 0.0077 7
1778203347597 0.00871 8
1778203375480 0.00885 9
1778203403589 0.00763 10
1778203431610 0.00712 11
1778203459013 0.00784 12
1778203487043 0.00839 13
1778203514520 0.00766 14
1778203542259 0.00883 15
1778203570053 0.00766 16
1778203597911 0.00839 17
1778203625735 0.00835 18
1778203653595 0.00803 19
1778203681044 0.00893 20
1778203709368 0.00814 21
1778203737259 0.00788 22
1778203764917 0.00902 23
1778203792573 0.00822 24
1778203821651 0.00792 25
1778203849460 0.00788 26
1778203877163 0.00837 27
1778203906211 0.00865 28
1778203935083 0.00821 29
1778203963690 0.00792 30
1778203991667 0.0077 31
1778204019952 0.00792 32
1778204049557 0.00871 33
1778204078811 0.00782 34
1778204107972 0.00838 35
1778204136928 0.00818 36
1778204166149 0.00877 37
1778204195313 0.00837 38
1778204223753 0.00709 39
1778204252850 0.00821 40
1778204281870 0.00827 41
1778204310248 0.00792 42
1778204339295 0.00842 43
1778204367861 0.00831 44
1778204397648 0.00855 45
1778204426566 0.00833 46
1778204455827 0.00876 47
1778204483774 0.00805 48
1778204511710 0.0075 49
1778204541036 0.00784 50
1778204570346 0.00818 51
1778204599107 0.00794 52
1778204628013 0.00847 53
1778204656982 0.00742 54
1778204685780 0.00778 55
1778204714944 0.00822 56
1778204743715 0.00849 57
1778204772508 0.00784 58
1778204800429 0.00825 59
1778204828091 0.0084 60
1778204855888 0.00822 61
1778204883589 0.00827 62
1778204911446 0.00859 63
1778204939239 0.00824 64
1778204967053 0.00857 65
1778204995333 0.00865 66
1778205023057 0.00776 67
1778205050992 0.00934 68
1778205080252 0.00855 69
1778205109375 0.00797 70
1778205139006 0.00799 71
1778205168182 0.00788 72
1778205197385 0.00778 73
1778205226600 0.00739 74
1778205255996 0.00728 75
1778205286017 0.00831 76
1778205315092 0.00847 77
1778205343987 0.00808 78
1778205373468 0.00802 79
1778205402592 0.00865 80
1778205430856 0.00865 81
1778205459941 0.00762 82
1778205487985 0.00825 83
1778205516905 0.00853 84
1778205546158 0.00843 85
1778205574274 0.0092 86
1778205602200 0.00803 87
1778205630654 0.0078 88
1778205658673 0.00818 89
1778205686906 0.00792 90
1778205714819 0.00842 91
1778205743324 0.00814 92
1778205771746 0.00794 93
1778205799248 0.00766 94
1778205827945 0.00798 95
1778205856943 0.00811 96
1778205886061 0.00762 97
1778205915139 0.00905 98
1778205944356 0.00804 99
1778205973611 0.00831 100
1778206002651 0.00838 101
1778206031892 0.00788 102
1778206060500 0.00852 103
1778206088328 0.00838 104
1778206116280 0.00911 105
1778206144786 0.00827 106
1778206173036 0.00825 107
1778206201559 0.00788 108
1778206229527 0.00819 109
1778206257748 0.00758 110
1778206285902 0.00859 111
1778206314598 0.00873 112
1778206343550 0.00834 113
1778206371798 0.00869 114
1778206400604 0.00797 115
1778206429499 0.00819 116
1778206457786 0.00831 117
1778206486865 0.00847 118
1778206513700 0.00764 119
1778206541481 0.00814 120
1778206569258 0.00739 121
1778206597048 0.00821 122
1778206625011 0.00841 123
1778206652898 0.00787 124
1778206680739 0.00734 125
1778206708228 0.00827 126
1778206735805 0.00821 127
1778206763790 0.00799 128
1778206792942 0.00848 129
1778206820918 0.00782 130
1778206850100 0.00782 131
1778206878025 0.00817 132
1778206905730 0.00745 133
1778206933527 0.00784 134
1778206962376 0.00828 135
1778206990512 0.00831 136
1778207019107 0.00874 137
1778207048300 0.00903 138
1778207077782 0.00848 139
1778207114278 0.00827 140
1778207147297 0.00766 141
1778207187778 0.00828 142
1778207216848 0.0082 143
1778207253375 0.0082 144
1778207283696 0.00851 145
1778207312842 0.00838 146
1778207341701 0.00778 147
1778207370056 0.00817 148
1778207398505 0.00827 149
1778207402679 0.008216076335691755 149
