1778220461850 0.00191 0
1778220561847 0.0015 1
1778220657193 0.00157 2
1778220752534 0.00205 3
1778220860266 0.00183 4
1778220958813 0.00197 5
1778221054450 0.00155 6
1778221150393 0.00147 7
1778221258671 0.00151 8
1778221353307 0.00195 9
1778221449413 0.00192 10
1778221547250 0.00181 11
1778221656870 0.00152 12
1778221754242 0.00152 13
1778221850133 0.0019 14
1778221947209 0.0016 15
1778222057865 0.00147 16
1778222157807 0.00186 17
1778222254609 0.00151 18
1778222350616 0.00149 19
1778222459647 0.00155 20
1778222562429 0.00183 21
1778222659662 0.00155 22
1778222757531 0.00156 23
1778222863083 0.00158 24
1778222968846 0.00192 25
1778223065840 0.00148 26
1778223163049 0.00177 27
1778223264276 0.00177 28
1778223372938 0.00143 29
1778223468400 0.00196 30
1778223565424 0.00197 31
1778223620444 0.00157 32
1778223644793 0.00146 33
1778223668764 0.00201 34
1778223692308 0.00158 35
1778223716452 0.00185 36
1778223740622 0.00152 37
1778223764825 0.00183 38
1778223787807 0.00156 39
1778223812866 0.0015 40
1778223838132 0.00147 41
1778223864604 0.0016 42
1778223887868 0.00154 43
1778223911111 0.00158 44
1778223934216 0.00166 45
1778223957202 0.00187 46
1778223980335 0.00168 47
1778224003573 0.00179 48
1778224026582 0.00168 49
1778224049661 0.00178 50
1778224072160 0.00194 51
1778224095066 0.00191 52
1778224118155 0.00172 53
1778224142392 0.00147 54
1778224166580 0.00161 55
1778224189388 0.00184 56
1778224212728 0.00153 57
1778224236203 0.00184 58
1778224260825 0.00168 59
1778224284012 0.00187 60
1778224306946 0.00197 61
1778224330110 0.00167 62
1778224353356 0.00166 63
1778224376263 0.00164 64
1778224399405 0.00148 65
1778224422384 0.00163 66
1778224445816 0.00166 67
1778224469440 0.00153 68
1778224492971 0.00185 69
1778224515941 0.00163 70
1778224540743 0.00144 71
1778224563719 0.0018 72
1778224588864 0.00161 73
1778224613644 0.00187 74
1778224638699 0.00166 75
1778224661780 0.0015 76
1778224684820 0.00155 77
1778224707953 0.00186 78
1778224730920 0.00145 79
1778224755733 0.00147 80
1778224778864 0.00154 81
1778224802196 0.0016 82
1778224825351 0.00152 83
1778224848466 0.00147 84
1778224871495 0.00201 85
1778224894669 0.00146 86
1778224918355 0.00146 87
1778224941288 0.00162 88
1778224981658 0.00166 89
1778225005945 0.00145 90
1778225029151 0.00205 91
1778225052229 0.00163 92
1778225075233 0.00193 93
1778225098304 0.00156 94
1778225121407 0.00152 95
1778225144176 0.00146 96
1778225167342 0.00152 97
1778225190051 0.00156 98
1778225214611 0.0015 99
1778225239380 0.00158 100
1778225263603 0.00151 101
1778225287926 0.00198 102
1778225311791 0.00199 103
1778225335640 0.00174 104
1778225359380 0.00149 105
1778225382706 0.00166 106
1778225406202 0.00158 107
1778225429405 0.00189 108
1778225453926 0.00147 109
1778225480914 0.0018 110
1778225504643 0.00168 111
1778225529515 0.00154 112
1778225553206 0.00159 113
1778225577582 0.00163 114
1778225602111 0.00158 115
1778225626708 0.00148 116
1778225650357 0.00148 117
1778225673819 0.00146 118
1778225697887 0.00155 119
1778225722167 0.00147 120
1778225745802 0.00163 121
1778225770182 0.0015 122
1778225794670 0.00178 123
1778225819015 0.00199 124
1778225843475 0.00158 125
1778225867468 0.0019 126
1778225891695 0.00165 127
1778225917330 0.00199 128
1778225942976 0.00188 129
1778225966776 0.00163 130
1778225990882 0.00177 131
1778226016382 0.00183 132
1778226039643 0.0015 133
1778226064886 0.00151 134
1778226088372 0.00164 135
1778226111525 0.00157 136
1778226135629 0.00165 137
1778226159879 0.00165 138
1778226184805 0.00196 139
1778226212321 0.00164 140
1778226236979 0.00156 141
1778226276754 0.0019 142
1778226319663 0.00203 143
1778226363847 0.00148 144
1778226419830 0.00148 145
1778226481980 0.00194 146
1778226542264 0.00182 147
1778226589238 0.0016 148
1778226647544 0.00196 149
1778226655953 0.001964281486322817 149
