1778220461850 0.00066 0
1778220561847 0.00048 1
1778220657193 0.00051 2
1778220752534 0.00066 3
1778220860266 0.00062 4
1778220958813 0.00066 5
1778221054450 0.00048 6
1778221150393 0.00046 7
1778221258671 0.00048 8
1778221353307 0.00065 9
1778221449413 0.00065 10
1778221547250 0.00062 11
1778221656870 0.00049 12
1778221754242 0.00048 13
1778221850133 0.00064 14
1778221947209 0.00048 15
1778222057865 0.00049 16
1778222157807 0.00064 17
1778222254609 0.00049 18
1778222350616 0.00047 19
1778222459647 0.00049 20
1778222562429 0.00064 21
1778222659662 0.00049 22
1778222757531 0.0005 23
1778222863083 0.00049 24
1778222968846 0.00062 25
1778223065840 0.00048 26
1778223163049 0.00062 27
1778223264276 0.00063 28
1778223372938 0.00047 29
1778223468400 0.00065 30
1778223565424 0.00065 31
1778223620444 0.00049 32
1778223644793 0.00049 33
1778223668764 0.00067 34
1778223692308 0.00049 35
1778223716452 0.00065 36
1778223740622 0.0005 37
1778223764825 0.00064 38
1778223787807 0.00047 39
1778223812866 0.00048 40
1778223838132 0.00049 41
1778223864604 0.00049 42
1778223887868 0.00049 43
1778223911111 0.00048 44
1778223934216 0.0005 45
1778223957202 0.00064 46
1778223980335 0.00051 47
1778224003573 0.00064 48
1778224026582 0.00051 49
1778224049661 0.00063 50
1778224072160 0.00063 51
1778224095066 0.00063 52
1778224118155 0.00053 53
1778224142392 0.00048 54
1778224166580 0.00048 55
1778224189388 0.00064 56
1778224212728 0.00048 57
1778224236203 0.00063 58
1778224260825 0.00049 59
1778224284012 0.00063 60
1778224306946 0.00067 61
1778224330110 0.0005 62
1778224353356 0.00049 63
1778224376263 0.00047 64
1778224399405 0.00048 65
1778224422384 0.0005 66
1778224445816 0.00049 67
1778224469440 0.00049 68
1778224492971 0.00064 69
1778224515941 0.00049 70
1778224540743 0.00048 71
1778224563719 0.00063 72
1778224588864 0.00048 73
1778224613644 0.00064 74
1778224638699 0.00049 75
1778224661780 0.00047 76
1778224684820 0.00048 77
1778224707953 0.00065 78
1778224730920 0.00047 79
1778224755733 0.00048 80
1778224778864 0.00049 81
1778224802196 0.00049 82
1778224825351 0.00049 83
1778224848466 0.00049 84
1778224871495 0.00066 85
1778224894669 0.00047 86
1778224918355 0.00046 87
1778224941288 0.00049 88
1778224981658 0.00053 89
1778225005945 0.00047 90
1778225029151 0.00066 91
1778225052229 0.00049 92
1778225075233 0.00065 93
1778225098304 0.00049 94
1778225121407 0.00049 95
1778225144176 0.00047 96
1778225167342 0.00049 97
1778225190051 0.00049 98
1778225214611 0.00048 99
1778225239380 0.0005 100
1778225263603 0.00048 101
1778225287926 0.00066 102
1778225311791 0.00065 103
1778225335640 0.00062 104
1778225359380 0.00049 105
1778225382706 0.00047 106
1778225406202 0.00049 107
1778225429405 0.00064 108
1778225453926 0.00048 109
1778225480914 0.00063 110
1778225504643 0.00051 111
1778225529515 0.00046 112
1778225553206 0.0005 113
1778225577582 0.00048 114
1778225602111 0.00048 115
1778225626708 0.00048 116
1778225650357 0.00048 117
1778225673819 0.00048 118
1778225697887 0.00047 119
1778225722167 0.00049 120
1778225745802 0.00048 121
1778225770182 0.00047 122
1778225794670 0.00062 123
1778225819015 0.00065 124
1778225843475 0.00048 125
1778225867468 0.00065 126
1778225891695 0.0005 127
1778225917330 0.00065 128
1778225942976 0.00063 129
1778225966776 0.0005 130
1778225990882 0.00063 131
1778226016382 0.00065 132
1778226039643 0.00047 133
1778226064886 0.00047 134
1778226088372 0.00049 135
1778226111525 0.0005 136
1778226135629 0.0005 137
1778226159879 0.00049 138
1778226184805 0.00064 139
1778226212321 0.0005 140
1778226236979 0.00048 141
1778226276754 0.00064 142
1778226319663 0.00066 143
1778226363847 0.00046 144
1778226419830 0.00048 145
1778226481980 0.00065 146
1778226542264 0.00063 147
1778226589238 0.00049 148
1778226647544 0.00066 149
1778226655953 0.0006693704336863393 149
