1778220461850 0.0001 0
1778220561847 9e-05 1
1778220657193 0.0001 2
1778220752534 0.0001 3
1778220860266 0.0001 4
1778220958813 0.0001 5
1778221054450 0.0001 6
1778221150393 9e-05 7
1778221258671 0.0001 8
1778221353307 0.0001 9
1778221449413 0.0001 10
1778221547250 9e-05 11
1778221656870 9e-05 12
1778221754242 0.0001 13
1778221850133 0.0001 14
1778221947209 0.00011 15
1778222057865 0.0001 16
1778222157807 0.0001 17
1778222254609 9e-05 18
1778222350616 0.0001 19
1778222459647 0.0001 20
1778222562429 0.0001 21
1778222659662 9e-05 22
1778222757531 0.00011 23
1778222863083 9e-05 24
1778222968846 0.0001 25
1778223065840 0.0001 26
1778223163049 9e-05 27
1778223264276 0.0001 28
1778223372938 0.0001 29
1778223468400 0.0001 30
1778223565424 0.0001 31
1778223620444 0.0001 32
1778223644793 0.0001 33
1778223668764 0.0001 34
1778223692308 0.0001 35
1778223716452 0.0001 36
1778223740622 0.0001 37
1778223764825 0.0001 38
1778223787807 0.0001 39
1778223812866 9e-05 40
1778223838132 0.0001 41
1778223864604 0.0001 42
1778223887868 0.0001 43
1778223911111 0.0001 44
1778223934216 9e-05 45
1778223957202 0.0001 46
1778223980335 0.0001 47
1778224003573 0.0001 48
1778224026582 0.0001 49
1778224049661 0.0001 50
1778224072160 0.0001 51
1778224095066 0.0001 52
1778224118155 9e-05 53
1778224142392 0.0001 54
1778224166580 0.0001 55
1778224189388 9e-05 56
1778224212728 0.0001 57
1778224236203 9e-05 58
1778224260825 9e-05 59
1778224284012 9e-05 60
1778224306946 0.0001 61
1778224330110 0.00013 62
1778224353356 0.0001 63
1778224376263 9e-05 64
1778224399405 9e-05 65
1778224422384 0.0001 66
1778224445816 9e-05 67
1778224469440 0.0001 68
1778224492971 0.0001 69
1778224515941 9e-05 70
1778224540743 0.0001 71
1778224563719 0.0001 72
1778224588864 9e-05 73
1778224613644 9e-05 74
1778224638699 0.0001 75
1778224661780 9e-05 76
1778224684820 0.0001 77
1778224707953 0.00011 78
1778224730920 0.0001 79
1778224755733 0.0001 80
1778224778864 0.0001 81
1778224802196 0.0001 82
1778224825351 9e-05 83
1778224848466 0.0001 84
1778224871495 0.0001 85
1778224894669 9e-05 86
1778224918355 9e-05 87
1778224941288 0.0001 88
1778224981658 0.0001 89
1778225005945 0.0001 90
1778225029151 0.0001 91
1778225052229 0.00011 92
1778225075233 9e-05 93
1778225098304 9e-05 94
1778225121407 0.0001 95
1778225144176 0.0001 96
1778225167342 0.0001 97
1778225190051 0.0001 98
1778225214611 0.00013 99
1778225239380 0.0001 100
1778225263603 0.0001 101
1778225287926 0.0001 102
1778225311791 0.0001 103
1778225335640 0.0001 104
1778225359380 0.0001 105
1778225382706 9e-05 106
1778225406202 9e-05 107
1778225429405 9e-05 108
1778225453926 0.0001 109
1778225480914 0.0001 110
1778225504643 0.0001 111
1778225529515 0.0001 112
1778225553206 0.0001 113
1778225577582 9e-05 114
1778225602111 9e-05 115
1778225626708 0.0001 116
1778225650357 9e-05 117
1778225673819 9e-05 118
1778225697887 0.0001 119
1778225722167 0.0001 120
1778225745802 0.0001 121
1778225770182 9e-05 122
1778225794670 0.0001 123
1778225819015 9e-05 124
1778225843475 0.0001 125
1778225867468 0.0001 126
1778225891695 9e-05 127
1778225917330 0.0001 128
1778225942976 0.0001 129
1778225966776 0.0001 130
1778225990882 0.0001 131
1778226016382 0.0001 132
1778226039643 9e-05 133
1778226064886 0.0001 134
1778226088372 0.0001 135
1778226111525 0.0001 136
1778226135629 0.0001 137
1778226159879 0.0001 138
1778226184805 9e-05 139
1778226212321 0.0001 140
1778226236979 0.0001 141
1778226276754 0.0001 142
1778226319663 0.0001 143
1778226363847 9e-05 144
1778226419830 0.0001 145
1778226481980 0.0001 146
1778226542264 9e-05 147
1778226589238 0.0001 148
1778226647544 0.0001 149
1778226655953 9.925873743119322e-05 149
