1778220461850 0.0279 0
1778220561847 0.02834 1
1778220657193 0.02533 2
1778220752534 0.02703 3
1778220860266 0.02752 4
1778220958813 0.02573 5
1778221054450 0.02629 6
1778221150393 0.02595 7
1778221258671 0.02711 8
1778221353307 0.02691 9
1778221449413 0.02453 10
1778221547250 0.02413 11
1778221656870 0.02659 12
1778221754242 0.02659 13
1778221850133 0.02695 14
1778221947209 0.02892 15
1778222057865 0.02396 16
1778222157807 0.02653 17
1778222254609 0.02546 18
1778222350616 0.02429 19
1778222459647 0.02581 20
1778222562429 0.02503 21
1778222659662 0.02558 22
1778222757531 0.02948 23
1778222863083 0.02561 24
1778222968846 0.02518 25
1778223065840 0.02481 26
1778223163049 0.02731 27
1778223264276 0.02693 28
1778223372938 0.02662 29
1778223468400 0.0251 30
1778223565424 0.02414 31
1778223620444 0.026 32
1778223644793 0.0266 33
1778223668764 0.02751 34
1778223692308 0.02546 35
1778223716452 0.02505 36
1778223740622 0.02877 37
1778223764825 0.02672 38
1778223787807 0.02438 39
1778223812866 0.02636 40
1778223838132 0.02675 41
1778223864604 0.02564 42
1778223887868 0.02513 43
1778223911111 0.0264 44
1778223934216 0.02705 45
1778223957202 0.02617 46
1778223980335 0.026 47
1778224003573 0.02777 48
1778224026582 0.02535 49
1778224049661 0.02694 50
1778224072160 0.02583 51
1778224095066 0.02584 52
1778224118155 0.02744 53
1778224142392 0.0255 54
1778224166580 0.0244 55
1778224189388 0.02574 56
1778224212728 0.02725 57
1778224236203 0.02499 58
1778224260825 0.02569 59
1778224284012 0.02736 60
1778224306946 0.02546 61
1778224330110 0.02502 62
1778224353356 0.02741 63
1778224376263 0.02719 64
1778224399405 0.02693 65
1778224422384 0.02663 66
1778224445816 0.02536 67
1778224469440 0.02757 68
1778224492971 0.02721 69
1778224515941 0.02594 70
1778224540743 0.02649 71
1778224563719 0.02514 72
1778224588864 0.024 73
1778224613644 0.02476 74
1778224638699 0.02417 75
1778224661780 0.02708 76
1778224684820 0.02807 77
1778224707953 0.02588 78
1778224730920 0.02497 79
1778224755733 0.02738 80
1778224778864 0.02783 81
1778224802196 0.02471 82
1778224825351 0.02694 83
1778224848466 0.02684 84
1778224871495 0.02511 85
1778224894669 0.02699 86
1778224918355 0.02697 87
1778224941288 0.02552 88
1778224981658 0.02592 89
1778225005945 0.02579 90
1778225029151 0.02647 91
1778225052229 0.02673 92
1778225075233 0.02515 93
1778225098304 0.0249 94
1778225121407 0.02646 95
1778225144176 0.02536 96
1778225167342 0.02623 97
1778225190051 0.02717 98
1778225214611 0.02551 99
1778225239380 0.02707 100
1778225263603 0.02721 101
1778225287926 0.02499 102
1778225311791 0.0253 103
1778225335640 0.02661 104
1778225359380 0.02796 105
1778225382706 0.02654 106
1778225406202 0.0246 107
1778225429405 0.02457 108
1778225453926 0.02557 109
1778225480914 0.02487 110
1778225504643 0.02668 111
1778225529515 0.0263 112
1778225553206 0.02591 113
1778225577582 0.02808 114
1778225602111 0.02591 115
1778225626708 0.02704 116
1778225650357 0.0267 117
1778225673819 0.02663 118
1778225697887 0.02527 119
1778225722167 0.02682 120
1778225745802 0.02456 121
1778225770182 0.02653 122
1778225794670 0.02685 123
1778225819015 0.02589 124
1778225843475 0.02514 125
1778225867468 0.02665 126
1778225891695 0.02489 127
1778225917330 0.026 128
1778225942976 0.02614 129
1778225966776 0.02482 130
1778225990882 0.02495 131
1778226016382 0.02557 132
1778226039643 0.02407 133
1778226064886 0.02482 134
1778226088372 0.02536 135
1778226111525 0.02657 136
1778226135629 0.02714 137
1778226159879 0.02826 138
1778226184805 0.02606 139
1778226212321 0.0269 140
1778226236979 0.02492 141
1778226276754 0.02531 142
1778226319663 0.02648 143
1778226363847 0.02629 144
1778226419830 0.02693 145
1778226481980 0.02592 146
1778226542264 0.02464 147
1778226589238 0.02585 148
1778226647544 0.02646 149
1778226655953 0.025773330508054818 149
