1778220461850 0.02088 0
1778220561847 0.02063 1
1778220657193 0.01951 2
1778220752534 0.0207 3
1778220860266 0.02152 4
1778220958813 0.01983 5
1778221054450 0.02014 6
1778221150393 0.01975 7
1778221258671 0.02093 8
1778221353307 0.02035 9
1778221449413 0.02133 10
1778221547250 0.01965 11
1778221656870 0.01871 12
1778221754242 0.02198 13
1778221850133 0.02221 14
1778221947209 0.02262 15
1778222057865 0.01789 16
1778222157807 0.02019 17
1778222254609 0.01871 18
1778222350616 0.0189 19
1778222459647 0.01816 20
1778222562429 0.02068 21
1778222659662 0.0195 22
1778222757531 0.02126 23
1778222863083 0.01999 24
1778222968846 0.02005 25
1778223065840 0.01961 26
1778223163049 0.02064 27
1778223264276 0.02028 28
1778223372938 0.01947 29
1778223468400 0.0201 30
1778223565424 0.01904 31
1778223620444 0.02082 32
1778223644793 0.01934 33
1778223668764 0.02115 34
1778223692308 0.02046 35
1778223716452 0.01908 36
1778223740622 0.02133 37
1778223764825 0.02109 38
1778223787807 0.02057 39
1778223812866 0.02014 40
1778223838132 0.01935 41
1778223864604 0.0195 42
1778223887868 0.02021 43
1778223911111 0.01931 44
1778223934216 0.02051 45
1778223957202 0.02081 46
1778223980335 0.02065 47
1778224003573 0.02167 48
1778224026582 0.02002 49
1778224049661 0.0211 50
1778224072160 0.02156 51
1778224095066 0.02002 52
1778224118155 0.02093 53
1778224142392 0.02043 54
1778224166580 0.01958 55
1778224189388 0.01995 56
1778224212728 0.02204 57
1778224236203 0.02009 58
1778224260825 0.0193 59
1778224284012 0.02117 60
1778224306946 0.01948 61
1778224330110 0.01933 62
1778224353356 0.02153 63
1778224376263 0.02194 64
1778224399405 0.02042 65
1778224422384 0.01969 66
1778224445816 0.02022 67
1778224469440 0.0217 68
1778224492971 0.02056 69
1778224515941 0.01893 70
1778224540743 0.01885 71
1778224563719 0.01977 72
1778224588864 0.0171 73
1778224613644 0.02033 74
1778224638699 0.02 75
1778224661780 0.01976 76
1778224684820 0.02125 77
1778224707953 0.01989 78
1778224730920 0.02038 79
1778224755733 0.01821 80
1778224778864 0.02092 81
1778224802196 0.02037 82
1778224825351 0.01894 83
1778224848466 0.01922 84
1778224871495 0.01929 85
1778224894669 0.0197 86
1778224918355 0.02037 87
1778224941288 0.02076 88
1778224981658 0.0198 89
1778225005945 0.02049 90
1778225029151 0.0195 91
1778225052229 0.02071 92
1778225075233 0.01837 93
1778225098304 0.01981 94
1778225121407 0.02044 95
1778225144176 0.02002 96
1778225167342 0.02056 97
1778225190051 0.02027 98
1778225214611 0.01953 99
1778225239380 0.02003 100
1778225263603 0.02051 101
1778225287926 0.01954 102
1778225311791 0.01941 103
1778225335640 0.0219 104
1778225359380 0.02077 105
1778225382706 0.01896 106
1778225406202 0.01868 107
1778225429405 0.02047 108
1778225453926 0.01991 109
1778225480914 0.01992 110
1778225504643 0.02041 111
1778225529515 0.02063 112
1778225553206 0.02001 113
1778225577582 0.02107 114
1778225602111 0.01878 115
1778225626708 0.02129 116
1778225650357 0.01854 117
1778225673819 0.0201 118
1778225697887 0.02009 119
1778225722167 0.01954 120
1778225745802 0.02094 121
1778225770182 0.01962 122
1778225794670 0.02341 123
1778225819015 0.01987 124
1778225843475 0.02092 125
1778225867468 0.02055 126
1778225891695 0.0189 127
1778225917330 0.02015 128
1778225942976 0.01931 129
1778225966776 0.01966 130
1778225990882 0.01949 131
1778226016382 0.01934 132
1778226039643 0.01827 133
1778226064886 0.01932 134
1778226088372 0.01983 135
1778226111525 0.01906 136
1778226135629 0.01953 137
1778226159879 0.02119 138
1778226184805 0.01976 139
1778226212321 0.01906 140
1778226236979 0.01947 141
1778226276754 0.01977 142
1778226319663 0.02094 143
1778226363847 0.01903 144
1778226419830 0.0192 145
1778226481980 0.02094 146
1778226542264 0.01904 147
1778226589238 0.01981 148
1778226647544 0.02018 149
1778226655953 0.01990466323468758 149
