1778220455675 0.00023636986301369862 0
1778220555352 0.0004712390219178082 1
1778220651087 0.0007029665808219178 2
1778220746898 0.0006998627999999999 3
1778220855792 0.0006951504 4
1778220952375 0.000690438 5
1778221047659 0.0006857256 6
1778221145579 0.0006810132 7
1778221254931 0.0006763008000000001 8
1778221347055 0.0006715884 9
1778221442668 0.0006668760000000001 10
1778221542319 0.0006621636 11
1778221653754 0.0006574512 12
1778221747932 0.0006527388 13
1778221843649 0.0006480264 14
1778221943338 0.000643314 15
1778222054051 0.0006386016 16
1778222151306 0.0006338892000000001 17
1778222248381 0.0006291768 18
1778222344958 0.0006244644 19
1778222455684 0.000619752 20
1778222556015 0.0006150395999999999 21
1778222651543 0.0006103271999999999 22
1778222751298 0.0006056148 23
1778222859176 0.0006009024 24
1778222962808 0.00059619 25
1778223059458 0.0005914776000000001 26
1778223156012 0.0005867652000000001 27
1778223259625 0.0005820528000000001 28
1778223365381 0.0005773404 29
1778223462068 0.000572628 30
1778223559196 0.0005679156 31
1778223618572 0.0005632031999999999 32
1778223643021 0.0005584908 33
1778223667180 0.0005537784 34
1778223690794 0.000549066 35
1778223714944 0.0005443536 36
1778223739095 0.0005396412 37
1778223763324 0.0005349288 38
1778223786294 0.0005302164 39
1778223811356 0.0005255040000000001 40
1778223836616 0.0005207916 41
1778223863087 0.0005160792 42
1778223886366 0.0005113668 43
1778223909375 0.0005066544 44
1778223932702 0.000501942 45
1778223955691 0.0004972296000000001 46
1778223978812 0.0004925172 47
1778224002062 0.00048780479999999994 48
1778224025081 0.0004830924 49
1778224048126 0.00047838000000000004 50
1778224070650 0.0004736675999999999 51
1778224093555 0.00046895519999999997 52
1778224116627 0.0004642428000000001 53
1778224140825 0.00045953040000000007 54
1778224164821 0.000454818 55
1778224187884 0.00045010560000000006 56
1778224211201 0.0004453932 57
1778224234407 0.0004406808 58
1778224259303 0.00043596840000000004 59
1778224282482 0.000431256 60
1778224305384 0.00042654359999999997 61
1778224328580 0.0004218312 62
1778224351827 0.0004171188 63
1778224374739 0.0004124063999999999 64
1778224397866 0.00040769399999999995 65
1778224420872 0.0004029816 66
1778224444293 0.0003982692 67
1778224467906 0.00039355680000000004 68
1778224491454 0.0003888444000000001 69
1778224514439 0.00038413200000000003 70
1778224539231 0.00037941959999999997 71
1778224562208 0.0003747072 72
1778224587351 0.0003699948 73
1778224612130 0.00036528239999999995 74
1778224637172 0.00036057 75
1778224660042 0.0003558576 76
1778224683274 0.00035114520000000004 77
1778224706429 0.0003464328 78
1778224729392 0.0003417204000000001 79
1778224754215 0.000337008 80
1778224777335 0.00033229559999999996 81
1778224800675 0.0003275832 82
1778224823837 0.0003228708 83
1778224846958 0.00031815839999999995 84
1778224869981 0.000313446 85
1778224893118 0.0003087336 86
1778224916614 0.00030402120000000004 87
1778224939773 0.00029930880000000003 88
1778224975241 0.00029459639999999997 89
1778225004388 0.000289884 90
1778225027621 0.0002851716 91
1778225050699 0.0002804592 92
1778225073704 0.0002757468 93
1778225096777 0.0002710344 94
1778225119875 0.00026632200000000004 95
1778225142648 0.0002616096 96
1778225165820 0.00025689720000000003 97
1778225188501 0.0002521848 98
1778225213071 0.00024747239999999997 99
1778225237859 0.00024276 100
1778225262088 0.00023804759999999998 101
1778225286390 0.00023333519999999997 102
1778225310277 0.00022862280000000002 103
1778225334091 0.0002239104 104
1778225357841 0.00021919800000000004 105
1778225381177 0.0002144856 106
1778225404626 0.00020977319999999997 107
1778225427862 0.00020506080000000002 108
1778225452377 0.00020034840000000001 109
1778225479341 0.00019563600000000006 110
1778225503099 0.00019092360000000003 111
1778225527605 0.0001862112 112
1778225551672 0.00018149880000000002 113
1778225576020 0.00017678639999999999 114
1778225600549 0.00017207399999999998 115
1778225625152 0.00016736160000000003 116
1778225648846 0.0001626492 117
1778225672265 0.00015793680000000002 118
1778225696370 0.0001532244 119
1778225720630 0.00014851199999999998 120
1778225744281 0.00014379960000000003 121
1778225768625 0.0001390872 122
1778225793120 0.00013437480000000004 123
1778225817460 0.0001296624 124
1778225841916 0.00012494999999999997 125
1778225865915 0.00012023760000000004 126
1778225890140 0.0001155252 127
1778225915771 0.00011081279999999997 128
1778225941457 0.0001061004 129
1778225965246 0.00010138799999999999 130
1778225989358 9.667560000000003e-05 131
1778226014830 9.19632e-05 132
1778226038109 8.725079999999997e-05 133
1778226063344 8.25384e-05 134
1778226086867 7.782599999999998e-05 135
1778226110019 7.311360000000003e-05 136
1778226134059 6.84012e-05 137
1778226158334 6.368879999999998e-05 138
1778226182808 5.8976400000000014e-05 139
1778226209967 5.426399999999999e-05 140
1778226235072 4.9551600000000036e-05 141
1778226273227 4.483920000000001e-05 142
1778226316509 4.012679999999998e-05 143
1778226360697 3.541440000000003e-05 144
1778226415806 3.0702e-05 145
1778226477577 2.5989599999999965e-05 146
1778226538228 2.1277200000000014e-05 147
1778226585761 1.6564799999999984e-05 148
1778226644503 1.185240000000003e-05 149
