1778256896849 0.00066 0
1778256923776 0.00048 1
1778256951087 0.00051 2
1778256978044 0.00066 3
1778257004814 0.00062 4
1778257031779 0.00066 5
1778257058362 0.00048 6
1778257085156 0.00046 7
1778257112009 0.00048 8
1778257139121 0.00065 9
1778257166453 0.00065 10
1778257193188 0.00062 11
1778257219916 0.00049 12
1778257246696 0.00048 13
1778257273456 0.00064 14
1778257300443 0.00048 15
1778257327182 0.00049 16
1778257353166 0.00064 17
1778257380024 0.00049 18
1778257406233 0.00047 19
1778257433324 0.00049 20
1778257459997 0.00064 21
1778257486613 0.00049 22
1778257513537 0.0005 23
1778257540273 0.00049 24
1778257566844 0.00062 25
1778257593459 0.00048 26
1778257620096 0.00062 27
1778257646626 0.00063 28
1778257673212 0.00047 29
1778257700331 0.00065 30
1778257727269 0.00065 31
1778257754051 0.00049 32
1778257780864 0.00049 33
1778257807395 0.00067 34
1778257833716 0.00049 35
1778257860044 0.00065 36
1778257886674 0.0005 37
1778257913060 0.00064 38
1778257939750 0.00047 39
1778257966553 0.00048 40
1778257993399 0.00049 41
1778258020701 0.00049 42
1778258047630 0.00049 43
1778258074638 0.00048 44
1778258100832 0.0005 45
1778258127804 0.00064 46
1778258154953 0.00051 47
1778258182011 0.00064 48
1778258209221 0.00051 49
1778258236415 0.00063 50
1778258263472 0.00063 51
1778258290279 0.00063 52
1778258317586 0.00053 53
1778258344382 0.00048 54
1778258371742 0.00048 55
1778258398816 0.00064 56
1778258426014 0.00048 57
1778258453053 0.00063 58
1778258480211 0.00049 59
1778258507041 0.00063 60
1778258534026 0.00067 61
1778258561119 0.0005 62
1778258588009 0.00049 63
1778258615573 0.00047 64
1778258642604 0.00048 65
1778258669823 0.0005 66
1778258696736 0.00049 67
1778258723711 0.00049 68
1778258750502 0.00064 69
1778258777365 0.00049 70
1778258804547 0.00048 71
1778258831294 0.00063 72
1778258857306 0.00048 73
1778258883881 0.00064 74
1778258909500 0.00049 75
1778258935190 0.00047 76
1778258960987 0.00048 77
1778258987824 0.00065 78
1778259014611 0.00047 79
1778259041541 0.00048 80
1778259068306 0.00049 81
1778259094670 0.00049 82
1778259119464 0.00049 83
1778259145962 0.00049 84
1778259172556 0.00066 85
1778259198270 0.00047 86
1778259223678 0.00046 87
1778259249236 0.00049 88
1778259274892 0.00053 89
1778259300161 0.00047 90
1778259326262 0.00066 91
1778259352187 0.00049 92
1778259378236 0.00065 93
1778259404596 0.00049 94
1778259431354 0.00049 95
1778259457670 0.00047 96
1778259483832 0.00049 97
1778259510324 0.00049 98
1778259536409 0.00048 99
1778259562926 0.0005 100
1778259587356 0.00048 101
1778259612583 0.00066 102
1778259637791 0.00065 103
1778259663282 0.00062 104
1778259688679 0.00049 105
1778259713854 0.00047 106
1778259739166 0.00049 107
1778259764703 0.00064 108
1778259789588 0.00048 109
1778259814703 0.00063 110
1778259840078 0.00051 111
1778259865755 0.00046 112
1778259891158 0.0005 113
1778259916175 0.00048 114
1778259941368 0.00048 115
1778259966613 0.00048 116
1778259991827 0.00048 117
1778260017285 0.00048 118
1778260042464 0.00047 119
1778260068019 0.00049 120
1778260093576 0.00048 121
1778260119242 0.00047 122
1778260144623 0.00062 123
1778260170028 0.00065 124
1778260195529 0.00048 125
1778260221019 0.00065 126
1778260246608 0.0005 127
1778260271805 0.00065 128
1778260297642 0.00063 129
1778260323409 0.0005 130
1778260348982 0.00063 131
1778260373967 0.00065 132
1778260399572 0.00047 133
1778260425306 0.00047 134
1778260450954 0.00049 135
1778260476575 0.0005 136
1778260501693 0.0005 137
1778260527050 0.00049 138
1778260552541 0.00064 139
1778260578964 0.0005 140
1778260604263 0.00048 141
1778260629978 0.00064 142
1778260655655 0.00066 143
1778260681290 0.00046 144
1778260705952 0.00048 145
1778260731922 0.00065 146
1778260757494 0.00063 147
1778260783120 0.00049 148
1778260808320 0.00066 149
1778260813281 0.0006693704336863393 149
