1778256896849 0.0001 0
1778256923776 9e-05 1
1778256951087 0.0001 2
1778256978044 0.0001 3
1778257004814 0.0001 4
1778257031779 0.0001 5
1778257058362 0.0001 6
1778257085156 9e-05 7
1778257112009 0.0001 8
1778257139121 0.0001 9
1778257166453 0.0001 10
1778257193188 9e-05 11
1778257219916 9e-05 12
1778257246696 0.0001 13
1778257273456 0.0001 14
1778257300443 0.00011 15
1778257327182 0.0001 16
1778257353166 0.0001 17
1778257380024 9e-05 18
1778257406233 0.0001 19
1778257433324 0.0001 20
1778257459997 0.0001 21
1778257486613 9e-05 22
1778257513537 0.00011 23
1778257540273 9e-05 24
1778257566844 0.0001 25
1778257593459 0.0001 26
1778257620096 9e-05 27
1778257646626 0.0001 28
1778257673212 0.0001 29
1778257700331 0.0001 30
1778257727269 0.0001 31
1778257754051 0.0001 32
1778257780864 0.0001 33
1778257807395 0.0001 34
1778257833716 0.0001 35
1778257860044 0.0001 36
1778257886674 0.0001 37
1778257913060 0.0001 38
1778257939750 0.0001 39
1778257966553 9e-05 40
1778257993399 0.0001 41
1778258020701 0.0001 42
1778258047630 0.0001 43
1778258074638 0.0001 44
1778258100832 9e-05 45
1778258127804 0.0001 46
1778258154953 0.0001 47
1778258182011 0.0001 48
1778258209221 0.0001 49
1778258236415 0.0001 50
1778258263472 0.0001 51
1778258290279 0.0001 52
1778258317586 9e-05 53
1778258344382 0.0001 54
1778258371742 0.0001 55
1778258398816 9e-05 56
1778258426014 0.0001 57
1778258453053 9e-05 58
1778258480211 9e-05 59
1778258507041 9e-05 60
1778258534026 0.0001 61
1778258561119 0.00013 62
1778258588009 0.0001 63
1778258615573 9e-05 64
1778258642604 9e-05 65
1778258669823 0.0001 66
1778258696736 9e-05 67
1778258723711 0.0001 68
1778258750502 0.0001 69
1778258777365 9e-05 70
1778258804547 0.0001 71
1778258831294 0.0001 72
1778258857306 9e-05 73
1778258883881 9e-05 74
1778258909500 0.0001 75
1778258935190 9e-05 76
1778258960987 0.0001 77
1778258987824 0.00011 78
1778259014611 0.0001 79
1778259041541 0.0001 80
1778259068306 0.0001 81
1778259094670 0.0001 82
1778259119464 9e-05 83
1778259145962 0.0001 84
1778259172556 0.0001 85
1778259198270 9e-05 86
1778259223678 9e-05 87
1778259249236 0.0001 88
1778259274892 0.0001 89
1778259300161 0.0001 90
1778259326262 0.0001 91
1778259352187 0.00011 92
1778259378236 9e-05 93
1778259404596 9e-05 94
1778259431354 0.0001 95
1778259457670 0.0001 96
1778259483832 0.0001 97
1778259510324 0.0001 98
1778259536409 0.00013 99
1778259562926 0.0001 100
1778259587356 0.0001 101
1778259612583 0.0001 102
1778259637791 0.0001 103
1778259663282 0.0001 104
1778259688679 0.0001 105
1778259713854 9e-05 106
1778259739166 9e-05 107
1778259764703 9e-05 108
1778259789588 0.0001 109
1778259814703 0.0001 110
1778259840078 0.0001 111
1778259865755 0.0001 112
1778259891158 0.0001 113
1778259916175 9e-05 114
1778259941368 9e-05 115
1778259966613 0.0001 116
1778259991827 9e-05 117
1778260017285 9e-05 118
1778260042464 0.0001 119
1778260068019 0.0001 120
1778260093576 0.0001 121
1778260119242 9e-05 122
1778260144623 0.0001 123
1778260170028 9e-05 124
1778260195529 0.0001 125
1778260221019 0.0001 126
1778260246608 9e-05 127
1778260271805 0.0001 128
1778260297642 0.0001 129
1778260323409 0.0001 130
1778260348982 0.0001 131
1778260373967 0.0001 132
1778260399572 9e-05 133
1778260425306 0.0001 134
1778260450954 0.0001 135
1778260476575 0.0001 136
1778260501693 0.0001 137
1778260527050 0.0001 138
1778260552541 9e-05 139
1778260578964 0.0001 140
1778260604263 0.0001 141
1778260629978 0.0001 142
1778260655655 0.0001 143
1778260681290 9e-05 144
1778260705952 0.0001 145
1778260731922 0.0001 146
1778260757494 9e-05 147
1778260783120 0.0001 148
1778260808320 0.0001 149
1778260813281 9.925873743119322e-05 149
