1778256896849 0.02088 0
1778256923776 0.02063 1
1778256951087 0.01951 2
1778256978044 0.0207 3
1778257004814 0.02152 4
1778257031779 0.01983 5
1778257058362 0.02014 6
1778257085156 0.01975 7
1778257112009 0.02093 8
1778257139121 0.02035 9
1778257166453 0.02133 10
1778257193188 0.01965 11
1778257219916 0.01871 12
1778257246696 0.02198 13
1778257273456 0.02221 14
1778257300443 0.02262 15
1778257327182 0.01789 16
1778257353166 0.02019 17
1778257380024 0.01871 18
1778257406233 0.0189 19
1778257433324 0.01816 20
1778257459997 0.02068 21
1778257486613 0.0195 22
1778257513537 0.02126 23
1778257540273 0.01999 24
1778257566844 0.02005 25
1778257593459 0.01961 26
1778257620096 0.02064 27
1778257646626 0.02028 28
1778257673212 0.01947 29
1778257700331 0.0201 30
1778257727269 0.01904 31
1778257754051 0.02082 32
1778257780864 0.01934 33
1778257807395 0.02115 34
1778257833716 0.02046 35
1778257860044 0.01908 36
1778257886674 0.02133 37
1778257913060 0.02109 38
1778257939750 0.02057 39
1778257966553 0.02014 40
1778257993399 0.01935 41
1778258020701 0.0195 42
1778258047630 0.02021 43
1778258074638 0.01931 44
1778258100832 0.02051 45
1778258127804 0.02081 46
1778258154953 0.02065 47
1778258182011 0.02167 48
1778258209221 0.02002 49
1778258236415 0.0211 50
1778258263472 0.02156 51
1778258290279 0.02002 52
1778258317586 0.02093 53
1778258344382 0.02043 54
1778258371742 0.01958 55
1778258398816 0.01995 56
1778258426014 0.02204 57
1778258453053 0.02009 58
1778258480211 0.0193 59
1778258507041 0.02117 60
1778258534026 0.01948 61
1778258561119 0.01933 62
1778258588009 0.02153 63
1778258615573 0.02194 64
1778258642604 0.02042 65
1778258669823 0.01969 66
1778258696736 0.02022 67
1778258723711 0.0217 68
1778258750502 0.02056 69
1778258777365 0.01893 70
1778258804547 0.01885 71
1778258831294 0.01977 72
1778258857306 0.0171 73
1778258883881 0.02033 74
1778258909500 0.02 75
1778258935190 0.01976 76
1778258960987 0.02125 77
1778258987824 0.01989 78
1778259014611 0.02038 79
1778259041541 0.01821 80
1778259068306 0.02092 81
1778259094670 0.02037 82
1778259119464 0.01894 83
1778259145962 0.01922 84
1778259172556 0.01929 85
1778259198270 0.0197 86
1778259223678 0.02037 87
1778259249236 0.02076 88
1778259274892 0.0198 89
1778259300161 0.02049 90
1778259326262 0.0195 91
1778259352187 0.02071 92
1778259378236 0.01837 93
1778259404596 0.01981 94
1778259431354 0.02044 95
1778259457670 0.02002 96
1778259483832 0.02056 97
1778259510324 0.02027 98
1778259536409 0.01953 99
1778259562926 0.02003 100
1778259587356 0.02051 101
1778259612583 0.01954 102
1778259637791 0.01941 103
1778259663282 0.0219 104
1778259688679 0.02077 105
1778259713854 0.01896 106
1778259739166 0.01868 107
1778259764703 0.02047 108
1778259789588 0.01991 109
1778259814703 0.01992 110
1778259840078 0.02041 111
1778259865755 0.02063 112
1778259891158 0.02001 113
1778259916175 0.02107 114
1778259941368 0.01878 115
1778259966613 0.02129 116
1778259991827 0.01854 117
1778260017285 0.0201 118
1778260042464 0.02009 119
1778260068019 0.01954 120
1778260093576 0.02094 121
1778260119242 0.01962 122
1778260144623 0.02341 123
1778260170028 0.01987 124
1778260195529 0.02092 125
1778260221019 0.02055 126
1778260246608 0.0189 127
1778260271805 0.02015 128
1778260297642 0.01931 129
1778260323409 0.01966 130
1778260348982 0.01949 131
1778260373967 0.01934 132
1778260399572 0.01827 133
1778260425306 0.01932 134
1778260450954 0.01983 135
1778260476575 0.01906 136
1778260501693 0.01953 137
1778260527050 0.02119 138
1778260552541 0.01976 139
1778260578964 0.01906 140
1778260604263 0.01947 141
1778260629978 0.01977 142
1778260655655 0.02094 143
1778260681290 0.01903 144
1778260705952 0.0192 145
1778260731922 0.02094 146
1778260757494 0.01904 147
1778260783120 0.01981 148
1778260808320 0.02018 149
1778260813281 0.01990466323468758 149
