1778256896849 0.0279 0
1778256923776 0.02834 1
1778256951087 0.02533 2
1778256978044 0.02703 3
1778257004814 0.02752 4
1778257031779 0.02573 5
1778257058362 0.02629 6
1778257085156 0.02595 7
1778257112009 0.02711 8
1778257139121 0.02691 9
1778257166453 0.02453 10
1778257193188 0.02413 11
1778257219916 0.02659 12
1778257246696 0.02659 13
1778257273456 0.02695 14
1778257300443 0.02892 15
1778257327182 0.02396 16
1778257353166 0.02653 17
1778257380024 0.02546 18
1778257406233 0.02429 19
1778257433324 0.02581 20
1778257459997 0.02503 21
1778257486613 0.02558 22
1778257513537 0.02948 23
1778257540273 0.02561 24
1778257566844 0.02518 25
1778257593459 0.02481 26
1778257620096 0.02731 27
1778257646626 0.02693 28
1778257673212 0.02662 29
1778257700331 0.0251 30
1778257727269 0.02414 31
1778257754051 0.026 32
1778257780864 0.0266 33
1778257807395 0.02751 34
1778257833716 0.02546 35
1778257860044 0.02505 36
1778257886674 0.02877 37
1778257913060 0.02672 38
1778257939750 0.02438 39
1778257966553 0.02636 40
1778257993399 0.02675 41
1778258020701 0.02564 42
1778258047630 0.02513 43
1778258074638 0.0264 44
1778258100832 0.02705 45
1778258127804 0.02617 46
1778258154953 0.026 47
1778258182011 0.02777 48
1778258209221 0.02535 49
1778258236415 0.02694 50
1778258263472 0.02583 51
1778258290279 0.02584 52
1778258317586 0.02744 53
1778258344382 0.0255 54
1778258371742 0.0244 55
1778258398816 0.02574 56
1778258426014 0.02725 57
1778258453053 0.02499 58
1778258480211 0.02569 59
1778258507041 0.02736 60
1778258534026 0.02546 61
1778258561119 0.02502 62
1778258588009 0.02741 63
1778258615573 0.02719 64
1778258642604 0.02693 65
1778258669823 0.02663 66
1778258696736 0.02536 67
1778258723711 0.02757 68
1778258750502 0.02721 69
1778258777365 0.02594 70
1778258804547 0.02649 71
1778258831294 0.02514 72
1778258857306 0.024 73
1778258883881 0.02476 74
1778258909500 0.02417 75
1778258935190 0.02708 76
1778258960987 0.02807 77
1778258987824 0.02588 78
1778259014611 0.02497 79
1778259041541 0.02738 80
1778259068306 0.02783 81
1778259094670 0.02471 82
1778259119464 0.02694 83
1778259145962 0.02684 84
1778259172556 0.02511 85
1778259198270 0.02699 86
1778259223678 0.02697 87
1778259249236 0.02552 88
1778259274892 0.02592 89
1778259300161 0.02579 90
1778259326262 0.02647 91
1778259352187 0.02673 92
1778259378236 0.02515 93
1778259404596 0.0249 94
1778259431354 0.02646 95
1778259457670 0.02536 96
1778259483832 0.02623 97
1778259510324 0.02717 98
1778259536409 0.02551 99
1778259562926 0.02707 100
1778259587356 0.02721 101
1778259612583 0.02499 102
1778259637791 0.0253 103
1778259663282 0.02661 104
1778259688679 0.02796 105
1778259713854 0.02654 106
1778259739166 0.0246 107
1778259764703 0.02457 108
1778259789588 0.02557 109
1778259814703 0.02487 110
1778259840078 0.02668 111
1778259865755 0.0263 112
1778259891158 0.02591 113
1778259916175 0.02808 114
1778259941368 0.02591 115
1778259966613 0.02704 116
1778259991827 0.0267 117
1778260017285 0.02663 118
1778260042464 0.02527 119
1778260068019 0.02682 120
1778260093576 0.02456 121
1778260119242 0.02653 122
1778260144623 0.02685 123
1778260170028 0.02589 124
1778260195529 0.02514 125
1778260221019 0.02665 126
1778260246608 0.02489 127
1778260271805 0.026 128
1778260297642 0.02614 129
1778260323409 0.02482 130
1778260348982 0.02495 131
1778260373967 0.02557 132
1778260399572 0.02407 133
1778260425306 0.02482 134
1778260450954 0.02536 135
1778260476575 0.02657 136
1778260501693 0.02714 137
1778260527050 0.02826 138
1778260552541 0.02606 139
1778260578964 0.0269 140
1778260604263 0.02492 141
1778260629978 0.02531 142
1778260655655 0.02648 143
1778260681290 0.02629 144
1778260705952 0.02693 145
1778260731922 0.02592 146
1778260757494 0.02464 147
1778260783120 0.02585 148
1778260808320 0.02646 149
1778260813281 0.025773330508054818 149
