1778298333387 2.04749 0
1778298368019 2.03571 1
1778298400152 2.04508 2
1778298432260 2.03779 3
1778298464359 2.03436 4
1778298496456 2.04089 5
1778298529767 2.03881 6
1778298562436 2.02688 7
1778298594852 2.03069 8
1778298626769 2.03866 9
1778298659892 2.04187 10
1778298691739 2.03658 11
1778298723784 2.03053 12
1778298755529 2.05546 13
1778298787561 2.04223 14
1778298819806 2.039 15
1778298851962 2.04016 16
1778298884274 2.03561 17
1778298916370 2.03065 18
1778298948527 2.03891 19
1778298980764 2.02878 20
1778299012831 2.0349 21
1778299044767 2.03033 22
1778299076955 2.03017 23
1778299109000 2.03993 24
1778299141170 2.03365 25
1778299173207 2.03389 26
1778299205221 2.03021 27
1778299237425 2.03649 28
1778299269536 2.04025 29
1778299301164 2.03853 30
1778299333658 2.03171 31
1778299366170 2.0481 32
1778299398571 2.03886 33
1778299431496 2.02572 34
1778299463666 2.03512 35
1778299496224 2.03748 36
1778299528695 2.04005 37
1778299561054 2.02862 38
1778299594528 2.03977 39
1778299627768 2.04406 40
1778299661318 2.04379 41
1778299694740 2.03492 42
1778299728231 2.04215 43
1778299761725 2.036 44
1778299795481 2.02942 45
1778299829027 2.03233 46
1778299861525 2.04038 47
1778299895182 2.03622 48
1778299928617 2.04895 49
1778299962229 2.03252 50
1778299995388 2.04294 51
1778300028939 2.0342 52
1778300062116 2.03914 53
1778300095806 2.04152 54
1778300128856 2.03738 55
1778300161398 2.03345 56
1778300193645 2.03289 57
1778300225893 2.03756 58
1778300258411 2.02885 59
1778300290932 2.03559 60
1778300323639 2.0496 61
1778300355948 2.03841 62
1778300388097 2.03001 63
1778300420055 2.03541 64
1778300452238 2.03174 65
1778300484383 2.03167 66
1778300516399 2.02723 67
1778300548584 2.03638 68
1778300580927 2.05117 69
1778300612882 2.04098 70
1778300645091 2.03498 71
1778300677317 2.03859 72
1778300709447 2.02285 73
1778300741411 2.03572 74
1778300773462 2.02702 75
1778300806921 2.0291 76
1778300839736 2.03851 77
1778300873018 2.03878 78
1778300905430 2.04546 79
1778300937361 2.03719 80
1778300969513 2.03083 81
1778301001807 2.02634 82
1778301034318 2.03079 83
1778301066585 2.03119 84
1778301098834 2.03422 85
1778301131417 2.03495 86
1778301165140 2.03308 87
1778301198735 2.04296 88
1778301232187 2.04177 89
1778301265165 2.03985 90
1778301297082 2.02536 91
1778301329499 2.04945 92
1778301362052 2.02949 93
1778301394492 2.0418 94
1778301426693 2.02539 95
1778301460048 2.04511 96
1778301492523 2.0395 97
1778301525767 2.03389 98
1778301559275 2.03681 99
1778301592395 2.04629 100
1778301625574 2.03795 101
1778301658970 2.03972 102
1778301691454 2.03791 103
1778301723453 2.03549 104
1778301756013 2.02922 105
1778301789679 2.03806 106
1778301822499 2.0306 107
1778301856135 2.03988 108
1778301889556 2.04117 109
1778301922734 2.02562 110
1778301956273 2.02614 111
1778301989990 2.03524 112
1778302023529 2.04253 113
1778302056174 2.0352 114
1778302088513 2.03481 115
1778302120807 2.03829 116
1778302153772 2.03539 117
1778302186852 2.03055 118
1778302220135 2.04104 119
1778302253822 2.0352 120
1778302287757 2.0352 121
1778302321939 2.04114 122
1778302355189 2.04134 123
1778302388345 2.03223 124
1778302420810 2.0409 125
1778302453010 2.04312 126
1778302484833 2.03974 127
1778302517105 2.02427 128
1778302549214 2.03188 129
1778302581600 2.02803 130
1778302614355 2.03383 131
1778302646774 2.0317 132
1778302680252 2.02911 133
1778302714659 2.04216 134
1778302748611 2.03331 135
1778302782131 2.0266 136
1778302814957 2.04241 137
1778302847760 2.04294 138
1778302880679 2.03454 139
1778302913248 2.03948 140
1778302946110 2.04161 141
1778302980444 2.02406 142
1778303014785 2.04011 143
1778303048974 2.04452 144
1778303083229 2.03223 145
1778303116591 2.02536 146
1778303150404 2.03079 147
1778303184161 2.03886 148
1778303218067 2.03749 149
