1778298333387 6.31172 0
1778298368019 6.3373 1
1778298400152 6.32854 2
1778298432260 6.33955 3
1778298464359 6.32828 4
1778298496456 6.3378 5
1778298529767 6.33134 6
1778298562436 6.33672 7
1778298594852 6.32801 8
1778298626769 6.33295 9
1778298659892 6.34074 10
1778298691739 6.33578 11
1778298723784 6.34212 12
1778298755529 6.33276 13
1778298787561 6.34062 14
1778298819806 6.33367 15
1778298851962 6.33867 16
1778298884274 6.33947 17
1778298916370 6.33124 18
1778298948527 6.3251 19
1778298980764 6.33483 20
1778299012831 6.33327 21
1778299044767 6.32692 22
1778299076955 6.33987 23
1778299109000 6.33212 24
1778299141170 6.33173 25
1778299173207 6.33007 26
1778299205221 6.3337 27
1778299237425 6.33847 28
1778299269536 6.33229 29
1778299301164 6.34443 30
1778299333658 6.33787 31
1778299366170 6.33493 32
1778299398571 6.34358 33
1778299431496 6.33065 34
1778299463666 6.33877 35
1778299496224 6.34892 36
1778299528695 6.34105 37
1778299561054 6.33544 38
1778299594528 6.34246 39
1778299627768 6.35646 40
1778299661318 6.3296 41
1778299694740 6.33526 42
1778299728231 6.34071 43
1778299761725 6.34204 44
1778299795481 6.32336 45
1778299829027 6.33586 46
1778299861525 6.33312 47
1778299895182 6.33901 48
1778299928617 6.33815 49
1778299962229 6.34175 50
1778299995388 6.34583 51
1778300028939 6.33712 52
1778300062116 6.3283 53
1778300095806 6.33907 54
1778300128856 6.32863 55
1778300161398 6.3392 56
1778300193645 6.34595 57
1778300225893 6.33024 58
1778300258411 6.33713 59
1778300290932 6.33614 60
1778300323639 6.32705 61
1778300355948 6.31905 62
1778300388097 6.34448 63
1778300420055 6.32087 64
1778300452238 6.34057 65
1778300484383 6.34602 66
1778300516399 6.33646 67
1778300548584 6.31783 68
1778300580927 6.33678 69
1778300612882 6.33241 70
1778300645091 6.34203 71
1778300677317 6.32696 72
1778300709447 6.34003 73
1778300741411 6.33051 74
1778300773462 6.34021 75
1778300806921 6.34882 76
1778300839736 6.34174 77
1778300873018 6.34257 78
1778300905430 6.34127 79
1778300937361 6.32832 80
1778300969513 6.33128 81
1778301001807 6.33491 82
1778301034318 6.33843 83
1778301066585 6.3451 84
1778301098834 6.32835 85
1778301131417 6.33368 86
1778301165140 6.34498 87
1778301198735 6.34145 88
1778301232187 6.32349 89
1778301265165 6.32746 90
1778301297082 6.33515 91
1778301329499 6.33497 92
1778301362052 6.32966 93
1778301394492 6.33057 94
1778301426693 6.35066 95
1778301460048 6.3294 96
1778301492523 6.33688 97
1778301525767 6.33713 98
1778301559275 6.34196 99
1778301592395 6.33779 100
1778301625574 6.3299 101
1778301658970 6.32458 102
1778301691454 6.35086 103
1778301723453 6.35342 104
1778301756013 6.33016 105
1778301789679 6.32898 106
1778301822499 6.3373 107
1778301856135 6.33501 108
1778301889556 6.34092 109
1778301922734 6.32171 110
1778301956273 6.34442 111
1778301989990 6.3271 112
1778302023529 6.34068 113
1778302056174 6.34316 114
1778302088513 6.34757 115
1778302120807 6.33122 116
1778302153772 6.35323 117
1778302186852 6.34011 118
1778302220135 6.33695 119
1778302253822 6.33197 120
1778302287757 6.34076 121
1778302321939 6.32973 122
1778302355189 6.32703 123
1778302388345 6.33384 124
1778302420810 6.33459 125
1778302453010 6.33607 126
1778302484833 6.33928 127
1778302517105 6.34042 128
1778302549214 6.33796 129
1778302581600 6.32447 130
1778302614355 6.32482 131
1778302646774 6.33236 132
1778302680252 6.33228 133
1778302714659 6.34564 134
1778302748611 6.33147 135
1778302782131 6.32615 136
1778302814957 6.3267 137
1778302847760 6.33204 138
1778302880679 6.33042 139
1778302913248 6.33832 140
1778302946110 6.32167 141
1778302980444 6.31793 142
1778303014785 6.32913 143
1778303048974 6.32839 144
1778303083229 6.33704 145
1778303116591 6.34032 146
1778303150404 6.31571 147
1778303184161 6.3311 148
1778303218067 6.3366 149
