1778298333387 5.24332 0
1778298368019 1.98389 1
1778298400152 1.06933 2
1778298432260 0.9893 3
1778298464359 0.97237 4
1778298496456 0.94819 5
1778298529767 0.9031 6
1778298562436 0.90081 7
1778298594852 0.89838 8
1778298626769 0.89757 9
1778298659892 0.88944 10
1778298691739 0.89468 11
1778298723784 0.88608 12
1778298755529 0.87127 13
1778298787561 0.87651 14
1778298819806 0.87129 15
1778298851962 0.89519 16
1778298884274 0.88685 17
1778298916370 0.86936 18
1778298948527 0.86142 19
1778298980764 0.86407 20
1778299012831 0.86516 21
1778299044767 0.85654 22
1778299076955 0.85924 23
1778299109000 0.85202 24
1778299141170 0.85273 25
1778299173207 0.84954 26
1778299205221 0.85111 27
1778299237425 0.85081 28
1778299269536 0.84352 29
1778299301164 0.84663 30
1778299333658 0.84715 31
1778299366170 0.84328 32
1778299398571 0.83588 33
1778299431496 0.8396 34
1778299463666 0.8521 35
1778299496224 0.84187 36
1778299528695 0.84323 37
1778299561054 0.84378 38
1778299594528 0.8405 39
1778299627768 0.83753 40
1778299661318 0.8315 41
1778299694740 0.83459 42
1778299728231 0.83915 43
1778299761725 0.83658 44
1778299795481 0.84385 45
1778299829027 0.83563 46
1778299861525 0.84327 47
1778299895182 0.83573 48
1778299928617 0.83267 49
1778299962229 0.82909 50
1778299995388 0.8331 51
1778300028939 0.82701 52
1778300062116 0.8308 53
1778300095806 0.83162 54
1778300128856 0.83078 55
1778300161398 0.82744 56
1778300193645 0.82877 57
1778300225893 0.83192 58
1778300258411 0.82194 59
1778300290932 0.82379 60
1778300323639 0.82549 61
1778300355948 0.82293 62
1778300388097 0.82281 63
1778300420055 0.82164 64
1778300452238 0.82088 65
1778300484383 0.82152 66
1778300516399 0.82354 67
1778300548584 0.82234 68
1778300580927 0.82241 69
1778300612882 0.81463 70
1778300645091 0.82206 71
1778300677317 0.81596 72
1778300709447 0.81817 73
1778300741411 0.81448 74
1778300773462 0.81396 75
1778300806921 0.81267 76
1778300839736 0.81817 77
1778300873018 0.81964 78
1778300905430 0.81729 79
1778300937361 0.81303 80
1778300969513 0.8138 81
1778301001807 0.80852 82
1778301034318 0.80945 83
1778301066585 0.81601 84
1778301098834 0.81569 85
1778301131417 0.81297 86
1778301165140 0.81248 87
1778301198735 0.81125 88
1778301232187 0.81348 89
1778301265165 0.80878 90
1778301297082 0.80301 91
1778301329499 0.81136 92
1778301362052 0.80745 93
1778301394492 0.81037 94
1778301426693 0.81102 95
1778301460048 0.81086 96
1778301492523 0.80606 97
1778301525767 0.81041 98
1778301559275 0.80757 99
1778301592395 0.80636 100
1778301625574 0.80466 101
1778301658970 0.79894 102
1778301691454 0.80874 103
1778301723453 0.80943 104
1778301756013 0.80382 105
1778301789679 0.80132 106
1778301822499 0.80106 107
1778301856135 0.79923 108
1778301889556 0.80095 109
1778301922734 0.80041 110
1778301956273 0.80548 111
1778301989990 0.8066 112
1778302023529 0.80229 113
1778302056174 0.8046 114
1778302088513 0.79824 115
1778302120807 0.80343 116
1778302153772 0.79534 117
1778302186852 0.79998 118
1778302220135 0.79789 119
1778302253822 0.79974 120
1778302287757 0.79713 121
1778302321939 0.79935 122
1778302355189 0.79074 123
1778302388345 0.80008 124
1778302420810 0.80028 125
1778302453010 0.79839 126
1778302484833 0.80128 127
1778302517105 0.7969 128
1778302549214 0.79799 129
1778302581600 0.79626 130
1778302614355 0.7917 131
1778302646774 0.79485 132
1778302680252 0.79972 133
1778302714659 0.79432 134
1778302748611 0.79448 135
1778302782131 0.79155 136
1778302814957 0.79598 137
1778302847760 0.79231 138
1778302880679 0.7976 139
1778302913248 0.79309 140
1778302946110 0.79326 141
1778302980444 0.79312 142
1778303014785 0.79242 143
1778303048974 0.79657 144
1778303083229 0.79031 145
1778303116591 0.79839 146
1778303150404 0.79564 147
1778303184161 0.78967 148
1778303218067 0.78879 149
