1778298333387 0.02395 0
1778298368019 0.02347 1
1778298400152 0.02367 2
1778298432260 0.0236 3
1778298464359 0.02351 4
1778298496456 0.02355 5
1778298529767 0.02369 6
1778298562436 0.02321 7
1778298594852 0.02336 8
1778298626769 0.02343 9
1778298659892 0.02387 10
1778298691739 0.02373 11
1778298723784 0.02331 12
1778298755529 0.0238 13
1778298787561 0.0235 14
1778298819806 0.02398 15
1778298851962 0.02348 16
1778298884274 0.02352 17
1778298916370 0.0234 18
1778298948527 0.02356 19
1778298980764 0.02349 20
1778299012831 0.02365 21
1778299044767 0.0235 22
1778299076955 0.02332 23
1778299109000 0.02379 24
1778299141170 0.02375 25
1778299173207 0.02347 26
1778299205221 0.02333 27
1778299237425 0.02371 28
1778299269536 0.02358 29
1778299301164 0.02347 30
1778299333658 0.02365 31
1778299366170 0.02374 32
1778299398571 0.02356 33
1778299431496 0.02366 34
1778299463666 0.02355 35
1778299496224 0.0237 36
1778299528695 0.02341 37
1778299561054 0.02354 38
1778299594528 0.02369 39
1778299627768 0.02349 40
1778299661318 0.02354 41
1778299694740 0.02342 42
1778299728231 0.02366 43
1778299761725 0.02351 44
1778299795481 0.02348 45
1778299829027 0.02342 46
1778299861525 0.02351 47
1778299895182 0.02378 48
1778299928617 0.02359 49
1778299962229 0.02342 50
1778299995388 0.0235 51
1778300028939 0.02355 52
1778300062116 0.02355 53
1778300095806 0.02367 54
1778300128856 0.02343 55
1778300161398 0.02347 56
1778300193645 0.02336 57
1778300225893 0.02381 58
1778300258411 0.02347 59
1778300290932 0.02391 60
1778300323639 0.02404 61
1778300355948 0.02369 62
1778300388097 0.02353 63
1778300420055 0.02339 64
1778300452238 0.02335 65
1778300484383 0.02356 66
1778300516399 0.02368 67
1778300548584 0.02336 68
1778300580927 0.02357 69
1778300612882 0.02378 70
1778300645091 0.02333 71
1778300677317 0.02353 72
1778300709447 0.02338 73
1778300741411 0.0237 74
1778300773462 0.02351 75
1778300806921 0.02326 76
1778300839736 0.02361 77
1778300873018 0.02362 78
1778300905430 0.02394 79
1778300937361 0.02342 80
1778300969513 0.02362 81
1778301001807 0.02333 82
1778301034318 0.02326 83
1778301066585 0.02332 84
1778301098834 0.02334 85
1778301131417 0.02335 86
1778301165140 0.02319 87
1778301198735 0.02377 88
1778301232187 0.02372 89
1778301265165 0.02368 90
1778301297082 0.0236 91
1778301329499 0.02376 92
1778301362052 0.0236 93
1778301394492 0.02349 94
1778301426693 0.02326 95
1778301460048 0.02344 96
1778301492523 0.0236 97
1778301525767 0.02329 98
1778301559275 0.0236 99
1778301592395 0.02351 100
1778301625574 0.02367 101
1778301658970 0.02373 102
1778301691454 0.02382 103
1778301723453 0.02365 104
1778301756013 0.02336 105
1778301789679 0.02352 106
1778301822499 0.02336 107
1778301856135 0.02376 108
1778301889556 0.0233 109
1778301922734 0.02347 110
1778301956273 0.0232 111
1778301989990 0.02356 112
1778302023529 0.02362 113
1778302056174 0.02354 114
1778302088513 0.02344 115
1778302120807 0.02335 116
1778302153772 0.02346 117
1778302186852 0.02334 118
1778302220135 0.02354 119
1778302253822 0.0235 120
1778302287757 0.02355 121
1778302321939 0.02362 122
1778302355189 0.02388 123
1778302388345 0.02346 124
1778302420810 0.02373 125
1778302453010 0.02367 126
1778302484833 0.02348 127
1778302517105 0.02352 128
1778302549214 0.02354 129
1778302581600 0.02348 130
1778302614355 0.02379 131
1778302646774 0.02364 132
1778302680252 0.02341 133
1778302714659 0.02367 134
1778302748611 0.02377 135
1778302782131 0.02326 136
1778302814957 0.02312 137
1778302847760 0.02381 138
1778302880679 0.0236 139
1778302913248 0.02353 140
1778302946110 0.02344 141
1778302980444 0.02367 142
1778303014785 0.02349 143
1778303048974 0.02375 144
1778303083229 0.02349 145
1778303116591 0.02334 146
1778303150404 0.02358 147
1778303184161 0.0234 148
1778303218067 0.02362 149
