1778298333387 4.78101 0
1778298368019 4.74711 1
1778298400152 4.78713 2
1778298432260 4.76063 3
1778298464359 4.76014 4
1778298496456 4.78607 5
1778298529767 4.78965 6
1778298562436 4.76336 7
1778298594852 4.75471 8
1778298626769 4.78605 9
1778298659892 4.79936 10
1778298691739 4.77835 11
1778298723784 4.75125 12
1778298755529 4.7795 13
1778298787561 4.76507 14
1778298819806 4.78551 15
1778298851962 4.76888 16
1778298884274 4.77445 17
1778298916370 4.75465 18
1778298948527 4.77015 19
1778298980764 4.75948 20
1778299012831 4.76913 21
1778299044767 4.75073 22
1778299076955 4.7537 23
1778299109000 4.75242 24
1778299141170 4.80627 25
1778299173207 4.774 26
1778299205221 4.75044 27
1778299237425 4.7657 28
1778299269536 4.76781 29
1778299301164 4.76424 30
1778299333658 4.78303 31
1778299366170 4.79825 32
1778299398571 4.76551 33
1778299431496 4.78592 34
1778299463666 4.76067 35
1778299496224 4.75657 36
1778299528695 4.7462 37
1778299561054 4.75729 38
1778299594528 4.78722 39
1778299627768 4.7665 40
1778299661318 4.73554 41
1778299694740 4.77364 42
1778299728231 4.75732 43
1778299761725 4.77475 44
1778299795481 4.77652 45
1778299829027 4.78049 46
1778299861525 4.77045 47
1778299895182 4.78359 48
1778299928617 4.77282 49
1778299962229 4.76789 50
1778299995388 4.74496 51
1778300028939 4.76863 52
1778300062116 4.77668 53
1778300095806 4.7779 54
1778300128856 4.74472 55
1778300161398 4.74768 56
1778300193645 4.76359 57
1778300225893 4.77787 58
1778300258411 4.75916 59
1778300290932 4.78518 60
1778300323639 4.79053 61
1778300355948 4.76552 62
1778300388097 4.76942 63
1778300420055 4.76085 64
1778300452238 4.76661 65
1778300484383 4.77727 66
1778300516399 4.76581 67
1778300548584 4.72685 68
1778300580927 4.72925 69
1778300612882 4.78596 70
1778300645091 4.74493 71
1778300677317 4.76294 72
1778300709447 4.75336 73
1778300741411 4.79344 74
1778300773462 4.75194 75
1778300806921 4.76385 76
1778300839736 4.76585 77
1778300873018 4.76105 78
1778300905430 4.81415 79
1778300937361 4.74692 80
1778300969513 4.78254 81
1778301001807 4.7884 82
1778301034318 4.74183 83
1778301066585 4.76511 84
1778301098834 4.78037 85
1778301131417 4.77811 86
1778301165140 4.76407 87
1778301198735 4.76754 88
1778301232187 4.7908 89
1778301265165 4.7789 90
1778301297082 4.75703 91
1778301329499 4.76637 92
1778301362052 4.76743 93
1778301394492 4.76465 94
1778301426693 4.74548 95
1778301460048 4.75952 96
1778301492523 4.76058 97
1778301525767 4.77258 98
1778301559275 4.78657 99
1778301592395 4.78524 100
1778301625574 4.77029 101
1778301658970 4.8009 102
1778301691454 4.781 103
1778301723453 4.79192 104
1778301756013 4.77401 105
1778301789679 4.77059 106
1778301822499 4.77089 107
1778301856135 4.76482 108
1778301889556 4.77602 109
1778301922734 4.76219 110
1778301956273 4.75295 111
1778301989990 4.75743 112
1778302023529 4.79257 113
1778302056174 4.7741 114
1778302088513 4.76816 115
1778302120807 4.78251 116
1778302153772 4.76218 117
1778302186852 4.75473 118
1778302220135 4.74887 119
1778302253822 4.77047 120
1778302287757 4.76044 121
1778302321939 4.76179 122
1778302355189 4.79762 123
1778302388345 4.77161 124
1778302420810 4.77293 125
1778302453010 4.75749 126
1778302484833 4.75962 127
1778302517105 4.75243 128
1778302549214 4.77877 129
1778302581600 4.79197 130
1778302614355 4.81018 131
1778302646774 4.7575 132
1778302680252 4.76606 133
1778302714659 4.74592 134
1778302748611 4.77856 135
1778302782131 4.74305 136
1778302814957 4.75911 137
1778302847760 4.79384 138
1778302880679 4.78288 139
1778302913248 4.75884 140
1778302946110 4.77232 141
1778302980444 4.76145 142
1778303014785 4.77815 143
1778303048974 4.78018 144
1778303083229 4.75815 145
1778303116591 4.76352 146
1778303150404 4.78768 147
1778303184161 4.74527 148
1778303218067 4.78852 149
