1778298333387 0.85526 0
1778298368019 0.84598 1
1778298400152 0.83948 2
1778298432260 0.84531 3
1778298464359 0.84506 4
1778298496456 0.8449 5
1778298529767 0.84836 6
1778298562436 0.83592 7
1778298594852 0.83934 8
1778298626769 0.84145 9
1778298659892 0.84929 10
1778298691739 0.85475 11
1778298723784 0.83886 12
1778298755529 0.83748 13
1778298787561 0.84011 14
1778298819806 0.85474 15
1778298851962 0.84473 16
1778298884274 0.8452 17
1778298916370 0.8468 18
1778298948527 0.84669 19
1778298980764 0.84196 20
1778299012831 0.84755 21
1778299044767 0.84022 22
1778299076955 0.83717 23
1778299109000 0.85407 24
1778299141170 0.85639 25
1778299173207 0.84097 26
1778299205221 0.83945 27
1778299237425 0.85895 28
1778299269536 0.83603 29
1778299301164 0.84512 30
1778299333658 0.84286 31
1778299366170 0.84349 32
1778299398571 0.84363 33
1778299431496 0.85093 34
1778299463666 0.84411 35
1778299496224 0.84557 36
1778299528695 0.83303 37
1778299561054 0.84369 38
1778299594528 0.85363 39
1778299627768 0.84089 40
1778299661318 0.83542 41
1778299694740 0.83952 42
1778299728231 0.84642 43
1778299761725 0.84243 44
1778299795481 0.84232 45
1778299829027 0.84097 46
1778299861525 0.84574 47
1778299895182 0.85401 48
1778299928617 0.83636 49
1778299962229 0.8412 50
1778299995388 0.84255 51
1778300028939 0.85031 52
1778300062116 0.84838 53
1778300095806 0.84984 54
1778300128856 0.84071 55
1778300161398 0.84375 56
1778300193645 0.8491 57
1778300225893 0.85415 58
1778300258411 0.84694 59
1778300290932 0.85917 60
1778300323639 0.8544 61
1778300355948 0.84608 62
1778300388097 0.84413 63
1778300420055 0.84198 64
1778300452238 0.84229 65
1778300484383 0.84661 66
1778300516399 0.85933 67
1778300548584 0.83647 68
1778300580927 0.83319 69
1778300612882 0.85239 70
1778300645091 0.83233 71
1778300677317 0.84285 72
1778300709447 0.8506 73
1778300741411 0.85567 74
1778300773462 0.84452 75
1778300806921 0.83479 76
1778300839736 0.84884 77
1778300873018 0.85313 78
1778300905430 0.86109 79
1778300937361 0.84093 80
1778300969513 0.85211 81
1778301001807 0.84461 82
1778301034318 0.84473 83
1778301066585 0.83314 84
1778301098834 0.84226 85
1778301131417 0.84654 86
1778301165140 0.83326 87
1778301198735 0.85056 88
1778301232187 0.84764 89
1778301265165 0.84827 90
1778301297082 0.84976 91
1778301329499 0.84495 92
1778301362052 0.85286 93
1778301394492 0.84038 94
1778301426693 0.83508 95
1778301460048 0.84419 96
1778301492523 0.84318 97
1778301525767 0.83637 98
1778301559275 0.85026 99
1778301592395 0.84055 100
1778301625574 0.84801 101
1778301658970 0.84457 102
1778301691454 0.85033 103
1778301723453 0.85467 104
1778301756013 0.84483 105
1778301789679 0.84822 106
1778301822499 0.84426 107
1778301856135 0.84765 108
1778301889556 0.83928 109
1778301922734 0.84395 110
1778301956273 0.83565 111
1778301989990 0.85255 112
1778302023529 0.85122 113
1778302056174 0.85186 114
1778302088513 0.84313 115
1778302120807 0.83998 116
1778302153772 0.84355 117
1778302186852 0.84106 118
1778302220135 0.84568 119
1778302253822 0.84238 120
1778302287757 0.84991 121
1778302321939 0.83788 122
1778302355189 0.84941 123
1778302388345 0.84243 124
1778302420810 0.8477 125
1778302453010 0.84417 126
1778302484833 0.84013 127
1778302517105 0.84439 128
1778302549214 0.84842 129
1778302581600 0.84805 130
1778302614355 0.85442 131
1778302646774 0.84574 132
1778302680252 0.84644 133
1778302714659 0.84361 134
1778302748611 0.85034 135
1778302782131 0.83558 136
1778302814957 0.82579 137
1778302847760 0.84707 138
1778302880679 0.85231 139
1778302913248 0.84295 140
1778302946110 0.83039 141
1778302980444 0.84766 142
1778303014785 0.85296 143
1778303048974 0.85248 144
1778303083229 0.84084 145
1778303116591 0.8456 146
1778303150404 0.84719 147
1778303184161 0.83661 148
1778303218067 0.84656 149
