1778306080748 0.00011 0
1778306115371 0.0001 1
1778306150292 0.0001 2
1778306183663 0.0001 3
1778306216737 0.0001 4
1778306251753 9e-05 5
1778306285880 0.0001 6
1778306320693 0.0001 7
1778306354949 0.00011 8
1778306390240 0.00012 9
1778306425210 0.0001 10
1778306459147 9e-05 11
1778306492967 0.0001 12
1778306526603 0.0001 13
1778306560592 0.00011 14
1778306595375 0.0001 15
1778306629797 0.0001 16
1778306664702 0.0001 17
1778306698697 0.0001 18
1778306732362 0.0001 19
1778306765776 0.00011 20
1778306799421 0.0001 21
1778306832874 0.00011 22
1778306867059 0.0001 23
1778306900774 9e-05 24
1778306934085 9e-05 25
1778306967408 0.0001 26
1778307001079 0.0001 27
1778307035834 9e-05 28
1778307071143 0.00011 29
1778307105795 0.0001 30
1778307139273 0.0001 31
1778307174205 0.0001 32
1778307209037 9e-05 33
1778307243746 0.0001 34
1778307278154 0.0001 35
1778307313067 9e-05 36
1778307347596 0.0001 37
1778307381102 0.00011 38
1778307414607 9e-05 39
1778307449483 9e-05 40
1778307484100 0.0001 41
1778307517652 0.00011 42
1778307551120 9e-05 43
1778307586057 0.0001 44
1778307620608 0.0001 45
1778307655840 0.0001 46
1778307690121 0.00011 47
1778307723517 9e-05 48
1778307756828 9e-05 49
1778307789647 0.00011 50
1778307822856 0.00011 51
1778307856453 0.0001 52
1778307889996 9e-05 53
1778307923732 0.00011 54
1778307957007 0.0001 55
1778307990347 0.00011 56
1778308023775 0.0001 57
1778308059052 0.0001 58
1778308104902 9e-05 59
1778308138373 0.0001 60
1778308172188 0.0001 61
1778308206240 0.0001 62
1778308240939 0.00012 63
1778308275497 0.0001 64
1778308310209 0.0001 65
1778308344558 0.00011 66
1778308379065 9e-05 67
1778308413649 0.0001 68
1778308448287 0.0001 69
1778308482607 9e-05 70
1778308516975 0.0001 71
1778308551368 0.0001 72
1778308586208 9e-05 73
1778308620657 0.0001 74
1778308655412 0.0001 75
1778308690167 9e-05 76
1778308725352 0.0001 77
1778308760164 0.0001 78
1778308794112 0.0001 79
1778308828915 9e-05 80
1778308863604 0.0001 81
1778308897959 0.00011 82
1778308932436 0.00011 83
1778308967016 0.00011 84
1778309001760 9e-05 85
1778309035161 0.0001 86
1778309068576 0.00011 87
1778309102359 9e-05 88
1778309135866 0.0001 89
1778309169446 9e-05 90
1778309203115 0.0001 91
1778309237758 0.00011 92
1778309272025 0.0001 93
1778309307203 0.0001 94
1778309342341 0.0001 95
1778309377514 0.0001 96
1778309411149 0.0001 97
1778309444574 0.0001 98
1778309478364 0.0001 99
1778309511899 0.0001 100
1778309546671 9e-05 101
1778309581317 9e-05 102
1778309615037 0.0001 103
1778309649458 0.0001 104
1778309683295 0.0001 105
1778309718194 0.0001 106
1778309752982 0.0001 107
1778309788811 0.0001 108
1778309823925 0.0001 109
1778309830581 0.00011646702657564127 109
