1778306080748 0.00136 0
1778306115371 0.0013 1
1778306150292 0.00121 2
1778306183663 0.00121 3
1778306216737 0.0013 4
1778306251753 0.0013 5
1778306285880 0.00124 6
1778306320693 0.00124 7
1778306354949 0.00122 8
1778306390240 0.00126 9
1778306425210 0.00123 10
1778306459147 0.00116 11
1778306492967 0.00122 12
1778306526603 0.00117 13
1778306560592 0.0012 14
1778306595375 0.00118 15
1778306629797 0.0012 16
1778306664702 0.00123 17
1778306698697 0.00125 18
1778306732362 0.00122 19
1778306765776 0.00121 20
1778306799421 0.00119 21
1778306832874 0.00119 22
1778306867059 0.00123 23
1778306900774 0.00125 24
1778306934085 0.00121 25
1778306967408 0.00121 26
1778307001079 0.0012 27
1778307035834 0.00119 28
1778307071143 0.00117 29
1778307105795 0.00118 30
1778307139273 0.00122 31
1778307174205 0.00123 32
1778307209037 0.00119 33
1778307243746 0.00118 34
1778307278154 0.00121 35
1778307313067 0.00115 36
1778307347596 0.00122 37
1778307381102 0.0012 38
1778307414607 0.00114 39
1778307449483 0.00119 40
1778307484100 0.00117 41
1778307517652 0.00125 42
1778307551120 0.00117 43
1778307586057 0.00121 44
1778307620608 0.00124 45
1778307655840 0.00119 46
1778307690121 0.00129 47
1778307723517 0.00119 48
1778307756828 0.00118 49
1778307789647 0.00123 50
1778307822856 0.0012 51
1778307856453 0.00119 52
1778307889996 0.00119 53
1778307923732 0.00119 54
1778307957007 0.00121 55
1778307990347 0.00122 56
1778308023775 0.00118 57
1778308059052 0.00118 58
1778308104902 0.00117 59
1778308138373 0.00119 60
1778308172188 0.0012 61
1778308206240 0.00125 62
1778308240939 0.00119 63
1778308275497 0.00121 64
1778308310209 0.00121 65
1778308344558 0.00124 66
1778308379065 0.00122 67
1778308413649 0.00127 68
1778308448287 0.00119 69
1778308482607 0.0012 70
1778308516975 0.00127 71
1778308551368 0.00119 72
1778308586208 0.00115 73
1778308620657 0.00119 74
1778308655412 0.00114 75
1778308690167 0.00119 76
1778308725352 0.00121 77
1778308760164 0.00119 78
1778308794112 0.00123 79
1778308828915 0.00123 80
1778308863604 0.00126 81
1778308897959 0.00121 82
1778308932436 0.00115 83
1778308967016 0.00126 84
1778309001760 0.00121 85
1778309035161 0.0012 86
1778309068576 0.00114 87
1778309102359 0.00115 88
1778309135866 0.00129 89
1778309169446 0.0012 90
1778309203115 0.00124 91
1778309237758 0.0012 92
1778309272025 0.00121 93
1778309307203 0.00119 94
1778309342341 0.00123 95
1778309377514 0.00121 96
1778309411149 0.0012 97
1778309444574 0.00121 98
1778309478364 0.00119 99
1778309511899 0.00118 100
1778309546671 0.00117 101
1778309581317 0.00115 102
1778309615037 0.00119 103
1778309649458 0.00123 104
1778309683295 0.00119 105
1778309718194 0.00117 106
1778309752982 0.0012 107
1778309788811 0.00129 108
1778309823925 0.00125 109
1778309830581 0.0012630519804088876 109
