1778306080748 0.00038 0
1778306115371 0.00035 1
1778306150292 0.00032 2
1778306183663 0.00031 3
1778306216737 0.00036 4
1778306251753 0.00035 5
1778306285880 0.00033 6
1778306320693 0.00032 7
1778306354949 0.00038 8
1778306390240 0.00039 9
1778306425210 0.00033 10
1778306459147 0.0003 11
1778306492967 0.00031 12
1778306526603 0.0003 13
1778306560592 0.0003 14
1778306595375 0.0003 15
1778306629797 0.00031 16
1778306664702 0.00032 17
1778306698697 0.00033 18
1778306732362 0.00032 19
1778306765776 0.00031 20
1778306799421 0.00037 21
1778306832874 0.00031 22
1778306867059 0.00033 23
1778306900774 0.00033 24
1778306934085 0.00031 25
1778306967408 0.00031 26
1778307001079 0.00031 27
1778307035834 0.00031 28
1778307071143 0.0003 29
1778307105795 0.0003 30
1778307139273 0.00038 31
1778307174205 0.00031 32
1778307209037 0.0003 33
1778307243746 0.00029 34
1778307278154 0.00031 35
1778307313067 0.00028 36
1778307347596 0.00032 37
1778307381102 0.00031 38
1778307414607 0.00029 39
1778307449483 0.0003 40
1778307484100 0.0003 41
1778307517652 0.00033 42
1778307551120 0.00036 43
1778307586057 0.00031 44
1778307620608 0.00033 45
1778307655840 0.00031 46
1778307690121 0.00035 47
1778307723517 0.0003 48
1778307756828 0.0003 49
1778307789647 0.00032 50
1778307822856 0.00031 51
1778307856453 0.0003 52
1778307889996 0.0003 53
1778307923732 0.00031 54
1778307957007 0.00032 55
1778307990347 0.00032 56
1778308023775 0.00029 57
1778308059052 0.0003 58
1778308104902 0.00036 59
1778308138373 0.00031 60
1778308172188 0.00032 61
1778308206240 0.00033 62
1778308240939 0.00031 63
1778308275497 0.00031 64
1778308310209 0.00032 65
1778308344558 0.00033 66
1778308379065 0.00031 67
1778308413649 0.00033 68
1778308448287 0.00031 69
1778308482607 0.00037 70
1778308516975 0.00034 71
1778308551368 0.0003 72
1778308586208 0.00029 73
1778308620657 0.00036 74
1778308655412 0.00029 75
1778308690167 0.00036 76
1778308725352 0.00031 77
1778308760164 0.00037 78
1778308794112 0.00033 79
1778308828915 0.00032 80
1778308863604 0.00033 81
1778308897959 0.00032 82
1778308932436 0.00029 83
1778308967016 0.00034 84
1778309001760 0.00031 85
1778309035161 0.00031 86
1778309068576 0.00028 87
1778309102359 0.00029 88
1778309135866 0.00036 89
1778309169446 0.0003 90
1778309203115 0.00032 91
1778309237758 0.00031 92
1778309272025 0.00031 93
1778309307203 0.00031 94
1778309342341 0.00033 95
1778309377514 0.00032 96
1778309411149 0.00037 97
1778309444574 0.00031 98
1778309478364 0.0003 99
1778309511899 0.0003 100
1778309546671 0.0003 101
1778309581317 0.00028 102
1778309615037 0.0003 103
1778309649458 0.00032 104
1778309683295 0.00037 105
1778309718194 0.0003 106
1778309752982 0.0003 107
1778309788811 0.00036 108
1778309823925 0.00033 109
1778309830581 0.00039259147828596094 109
