1778306080748 0.00021 0
1778306115371 0.0002 1
1778306150292 0.0002 2
1778306183663 0.0002 3
1778306216737 0.00022 4
1778306251753 0.00018 5
1778306285880 0.00021 6
1778306320693 0.0002 7
1778306354949 0.00021 8
1778306390240 0.00023 9
1778306425210 0.0002 10
1778306459147 0.00018 11
1778306492967 0.00019 12
1778306526603 0.0002 13
1778306560592 0.00023 14
1778306595375 0.00021 15
1778306629797 0.0002 16
1778306664702 0.00021 17
1778306698697 0.00022 18
1778306732362 0.00018 19
1778306765776 0.0002 20
1778306799421 0.00021 21
1778306832874 0.00021 22
1778306867059 0.0002 23
1778306900774 0.00018 24
1778306934085 0.0002 25
1778306967408 0.00021 26
1778307001079 0.00019 27
1778307035834 0.00018 28
1778307071143 0.00022 29
1778307105795 0.0002 30
1778307139273 0.0002 31
1778307174205 0.0002 32
1778307209037 0.00019 33
1778307243746 0.0002 34
1778307278154 0.00021 35
1778307313067 0.0002 36
1778307347596 0.00021 37
1778307381102 0.0002 38
1778307414607 0.00019 39
1778307449483 0.00017 40
1778307484100 0.00021 41
1778307517652 0.00022 42
1778307551120 0.00019 43
1778307586057 0.0002 44
1778307620608 0.00021 45
1778307655840 0.0002 46
1778307690121 0.00021 47
1778307723517 0.00021 48
1778307756828 0.00019 49
1778307789647 0.00022 50
1778307822856 0.00021 51
1778307856453 0.00022 52
1778307889996 0.00019 53
1778307923732 0.00022 54
1778307957007 0.00022 55
1778307990347 0.00021 56
1778308023775 0.00018 57
1778308059052 0.00021 58
1778308104902 0.00018 59
1778308138373 0.0002 60
1778308172188 0.00021 61
1778308206240 0.00021 62
1778308240939 0.00023 63
1778308275497 0.0002 64
1778308310209 0.0002 65
1778308344558 0.00022 66
1778308379065 0.00019 67
1778308413649 0.00018 68
1778308448287 0.00021 69
1778308482607 0.0002 70
1778308516975 0.00019 71
1778308551368 0.0002 72
1778308586208 0.0002 73
1778308620657 0.0002 74
1778308655412 0.00019 75
1778308690167 0.00019 76
1778308725352 0.00018 77
1778308760164 0.00022 78
1778308794112 0.0002 79
1778308828915 0.00019 80
1778308863604 0.0002 81
1778308897959 0.00021 82
1778308932436 0.0002 83
1778308967016 0.00021 84
1778309001760 0.0002 85
1778309035161 0.0002 86
1778309068576 0.00021 87
1778309102359 0.00019 88
1778309135866 0.00019 89
1778309169446 0.00018 90
1778309203115 0.00022 91
1778309237758 0.00023 92
1778309272025 0.0002 93
1778309307203 0.00021 94
1778309342341 0.00021 95
1778309377514 0.00021 96
1778309411149 0.00019 97
1778309444574 0.00022 98
1778309478364 0.00019 99
1778309511899 0.00018 100
1778309546671 0.00017 101
1778309581317 0.00017 102
1778309615037 0.00021 103
1778309649458 0.0002 104
1778309683295 0.0002 105
1778309718194 0.00021 106
1778309752982 0.00018 107
1778309788811 0.00021 108
1778309823925 0.00021 109
1778309830581 0.00022791257166257167 109
