1778306080748 0.03273 0
1778306115371 0.0332 1
1778306150292 0.03248 2
1778306183663 0.03073 3
1778306216737 0.03738 4
1778306251753 0.03359 5
1778306285880 0.03666 6
1778306320693 0.03386 7
1778306354949 0.03517 8
1778306390240 0.03475 9
1778306425210 0.03463 10
1778306459147 0.03238 11
1778306492967 0.03078 12
1778306526603 0.03659 13
1778306560592 0.03759 14
1778306595375 0.0351 15
1778306629797 0.03382 16
1778306664702 0.03639 17
1778306698697 0.03899 18
1778306732362 0.03291 19
1778306765776 0.03113 20
1778306799421 0.03815 21
1778306832874 0.03596 22
1778306867059 0.03316 23
1778306900774 0.03173 24
1778306934085 0.03208 25
1778306967408 0.03433 26
1778307001079 0.03053 27
1778307035834 0.02909 28
1778307071143 0.03458 29
1778307105795 0.03596 30
1778307139273 0.03551 31
1778307174205 0.03229 32
1778307209037 0.03355 33
1778307243746 0.0281 34
1778307278154 0.03776 35
1778307313067 0.03191 36
1778307347596 0.0363 37
1778307381102 0.03193 38
1778307414607 0.0365 39
1778307449483 0.0332 40
1778307484100 0.0354 41
1778307517652 0.03598 42
1778307551120 0.03591 43
1778307586057 0.03495 44
1778307620608 0.03534 45
1778307655840 0.03106 46
1778307690121 0.0376 47
1778307723517 0.03154 48
1778307756828 0.03205 49
1778307789647 0.03389 50
1778307822856 0.03619 51
1778307856453 0.03188 52
1778307889996 0.03105 53
1778307923732 0.03717 54
1778307957007 0.04024 55
1778307990347 0.04001 56
1778308023775 0.02978 57
1778308059052 0.03697 58
1778308104902 0.03703 59
1778308138373 0.03295 60
1778308172188 0.03342 61
1778308206240 0.03519 62
1778308240939 0.03597 63
1778308275497 0.03638 64
1778308310209 0.03587 65
1778308344558 0.037 66
1778308379065 0.03043 67
1778308413649 0.03035 68
1778308448287 0.03445 69
1778308482607 0.03167 70
1778308516975 0.03352 71
1778308551368 0.03367 72
1778308586208 0.03547 73
1778308620657 0.03176 74
1778308655412 0.02844 75
1778308690167 0.02969 76
1778308725352 0.03243 77
1778308760164 0.03559 78
1778308794112 0.0324 79
1778308828915 0.03016 80
1778308863604 0.03673 81
1778308897959 0.03569 82
1778308932436 0.0315 83
1778308967016 0.03507 84
1778309001760 0.03016 85
1778309035161 0.03368 86
1778309068576 0.03439 87
1778309102359 0.03524 88
1778309135866 0.03315 89
1778309169446 0.0267 90
1778309203115 0.03488 91
1778309237758 0.03963 92
1778309272025 0.03565 93
1778309307203 0.03474 94
1778309342341 0.03518 95
1778309377514 0.03438 96
1778309411149 0.03147 97
1778309444574 0.03803 98
1778309478364 0.032 99
1778309511899 0.02983 100
1778309546671 0.03142 101
1778309581317 0.03091 102
1778309615037 0.03395 103
1778309649458 0.031 104
1778309683295 0.03181 105
1778309718194 0.03518 106
1778309752982 0.03011 107
1778309788811 0.02993 108
1778309823925 0.03502 109
1778309830581 0.034193979922632296 109
