1778306080748 0.02096 0
1778306115371 0.01956 1
1778306150292 0.01934 2
1778306183663 0.01688 3
1778306216737 0.02441 4
1778306251753 0.01761 5
1778306285880 0.02144 6
1778306320693 0.019 7
1778306354949 0.02176 8
1778306390240 0.01946 9
1778306425210 0.02223 10
1778306459147 0.01664 11
1778306492967 0.01777 12
1778306526603 0.02198 13
1778306560592 0.02247 14
1778306595375 0.02278 15
1778306629797 0.01989 16
1778306664702 0.02157 17
1778306698697 0.02243 18
1778306732362 0.01664 19
1778306765776 0.01967 20
1778306799421 0.02125 21
1778306832874 0.02279 22
1778306867059 0.02067 23
1778306900774 0.01633 24
1778306934085 0.01946 25
1778306967408 0.02037 26
1778307001079 0.01869 27
1778307035834 0.01721 28
1778307071143 0.02374 29
1778307105795 0.02068 30
1778307139273 0.02015 31
1778307174205 0.01869 32
1778307209037 0.01994 33
1778307243746 0.01892 34
1778307278154 0.02324 35
1778307313067 0.01722 36
1778307347596 0.02474 37
1778307381102 0.0189 38
1778307414607 0.01995 39
1778307449483 0.0165 40
1778307484100 0.02369 41
1778307517652 0.02038 42
1778307551120 0.02061 43
1778307586057 0.01855 44
1778307620608 0.02307 45
1778307655840 0.01886 46
1778307690121 0.02104 47
1778307723517 0.02107 48
1778307756828 0.01797 49
1778307789647 0.02276 50
1778307822856 0.02284 51
1778307856453 0.02215 52
1778307889996 0.01994 53
1778307923732 0.02442 54
1778307957007 0.02298 55
1778307990347 0.02293 56
1778308023775 0.01457 57
1778308059052 0.0215 58
1778308104902 0.01746 59
1778308138373 0.01762 60
1778308172188 0.02066 61
1778308206240 0.02122 62
1778308240939 0.02335 63
1778308275497 0.02144 64
1778308310209 0.02067 65
1778308344558 0.02193 66
1778308379065 0.01719 67
1778308413649 0.01648 68
1778308448287 0.02206 69
1778308482607 0.0216 70
1778308516975 0.02057 71
1778308551368 0.0192 72
1778308586208 0.02163 73
1778308620657 0.01657 74
1778308655412 0.01871 75
1778308690167 0.01588 76
1778308725352 0.01881 77
1778308760164 0.02261 78
1778308794112 0.01946 79
1778308828915 0.01694 80
1778308863604 0.02043 81
1778308897959 0.0224 82
1778308932436 0.02019 83
1778308967016 0.02372 84
1778309001760 0.01707 85
1778309035161 0.01895 86
1778309068576 0.02037 87
1778309102359 0.01991 88
1778309135866 0.01967 89
1778309169446 0.0135 90
1778309203115 0.02356 91
1778309237758 0.02401 92
1778309272025 0.02013 93
1778309307203 0.02309 94
1778309342341 0.02272 95
1778309377514 0.02002 96
1778309411149 0.0156 97
1778309444574 0.02317 98
1778309478364 0.01864 99
1778309511899 0.01786 100
1778309546671 0.01733 101
1778309581317 0.01239 102
1778309615037 0.02012 103
1778309649458 0.0189 104
1778309683295 0.01914 105
1778309718194 0.02025 106
1778309752982 0.01558 107
1778309788811 0.01886 108
1778309823925 0.02121 109
1778309830581 0.018633312411570086 109
