1778306080748 0.00371 0
1778306115371 0.0038 1
1778306150292 0.0038 2
1778306183663 0.00364 3
1778306216737 0.00395 4
1778306251753 0.0037 5
1778306285880 0.00395 6
1778306320693 0.00364 7
1778306354949 0.00393 8
1778306390240 0.00386 9
1778306425210 0.00399 10
1778306459147 0.0037 11
1778306492967 0.00331 12
1778306526603 0.00365 13
1778306560592 0.00324 14
1778306595375 0.00353 15
1778306629797 0.00345 16
1778306664702 0.00395 17
1778306698697 0.00367 18
1778306732362 0.00342 19
1778306765776 0.00349 20
1778306799421 0.00401 21
1778306832874 0.00389 22
1778306867059 0.00357 23
1778306900774 0.0037 24
1778306934085 0.00373 25
1778306967408 0.00377 26
1778307001079 0.00337 27
1778307035834 0.00331 28
1778307071143 0.00309 29
1778307105795 0.00355 30
1778307139273 0.00387 31
1778307174205 0.00337 32
1778307209037 0.0038 33
1778307243746 0.00329 34
1778307278154 0.00415 35
1778307313067 0.0038 36
1778307347596 0.00353 37
1778307381102 0.0037 38
1778307414607 0.00379 39
1778307449483 0.00342 40
1778307484100 0.00343 41
1778307517652 0.00379 42
1778307551120 0.00337 43
1778307586057 0.00355 44
1778307620608 0.00395 45
1778307655840 0.00337 46
1778307690121 0.00405 47
1778307723517 0.00339 48
1778307756828 0.0036 49
1778307789647 0.00303 50
1778307822856 0.00389 51
1778307856453 0.00361 52
1778307889996 0.00375 53
1778307923732 0.00355 54
1778307957007 0.00407 55
1778307990347 0.00411 56
1778308023775 0.00364 57
1778308059052 0.00405 58
1778308104902 0.00399 59
1778308138373 0.00383 60
1778308172188 0.00379 61
1778308206240 0.00395 62
1778308240939 0.00399 63
1778308275497 0.00377 64
1778308310209 0.00355 65
1778308344558 0.00351 66
1778308379065 0.00364 67
1778308413649 0.0038 68
1778308448287 0.00345 69
1778308482607 0.00339 70
1778308516975 0.00347 71
1778308551368 0.00389 72
1778308586208 0.00383 73
1778308620657 0.0037 74
1778308655412 0.00352 75
1778308690167 0.00354 76
1778308725352 0.0037 77
1778308760164 0.00389 78
1778308794112 0.00351 79
1778308828915 0.00331 80
1778308863604 0.00405 81
1778308897959 0.00389 82
1778308932436 0.0029 83
1778308967016 0.00353 84
1778309001760 0.0036 85
1778309035161 0.00389 86
1778309068576 0.00355 87
1778309102359 0.00393 88
1778309135866 0.0038 89
1778309169446 0.00349 90
1778309203115 0.00383 91
1778309237758 0.00365 92
1778309272025 0.00383 93
1778309307203 0.00383 94
1778309342341 0.00355 95
1778309377514 0.00352 96
1778309411149 0.00331 97
1778309444574 0.00405 98
1778309478364 0.0037 99
1778309511899 0.00352 100
1778309546671 0.00364 101
1778309581317 0.00358 102
1778309615037 0.00377 103
1778309649458 0.00339 104
1778309683295 0.0038 105
1778309718194 0.00389 106
1778309752982 0.0037 107
1778309788811 0.0036 108
1778309823925 0.00361 109
1778309830581 0.003764396954836883 109
