1778306076517 2.64965 0
1778306113583 2.65399 1
1778306148500 2.65701 2
1778306181909 2.65101 3
1778306214943 2.64251 4
1778306249948 2.65382 5
1778306284075 2.65055 6
1778306318702 2.65145 7
1778306352812 2.6631 8
1778306388425 2.65773 9
1778306423418 2.65301 10
1778306457355 2.65608 11
1778306491206 2.64741 12
1778306524856 2.65923 13
1778306558673 2.65059 14
1778306593169 2.6552 15
1778306628002 2.65878 16
1778306662772 2.66215 17
1778306696949 2.65721 18
1778306730591 2.657 19
1778306764028 2.65807 20
1778306797674 2.6491 21
1778306830901 2.64896 22
1778306865301 2.65217 23
1778306899022 2.66251 24
1778306932323 2.64932 25
1778306965651 2.65849 26
1778306999284 2.64722 27
1778307034071 2.65478 28
1778307069361 2.66214 29
1778307104031 2.67035 30
1778307137499 2.65737 31
1778307172406 2.65965 32
1778307207235 2.65585 33
1778307241963 2.65278 34
1778307276357 2.65807 35
1778307311304 2.65389 36
1778307345818 2.65854 37
1778307379343 2.64961 38
1778307412802 2.65245 39
1778307447680 2.6607 40
1778307482235 2.65154 41
1778307515899 2.65601 42
1778307549345 2.65844 43
1778307584139 2.65962 44
1778307618807 2.6556 45
1778307654068 2.65321 46
1778307688341 2.65936 47
1778307721752 2.65044 48
1778307754933 2.66438 49
1778307787889 2.65574 50
1778307821100 2.66341 51
1778307854686 2.66025 52
1778307888240 2.65247 53
1778307921560 2.6632 54
1778307955252 2.65419 55
1778307988591 2.65701 56
1778308022013 2.65758 57
1778308055336 2.65209 58
1778308102971 2.64938 59
1778308136616 2.65522 60
1778308170423 2.65943 61
1778308204234 2.65851 62
1778308239180 2.65034 63
1778308273739 2.66044 64
1778308308453 2.65284 65
1778308342800 2.65947 66
1778308377250 2.64733 67
1778308411797 2.64848 68
1778308446497 2.65938 69
1778308480841 2.65304 70
1778308515206 2.65875 71
1778308549606 2.67015 72
1778308584422 2.64672 73
1778308618891 2.65491 74
1778308653643 2.64944 75
1778308688367 2.66009 76
1778308723172 2.65836 77
1778308758389 2.66316 78
1778308792355 2.66177 79
1778308827118 2.65284 80
1778308861795 2.65161 81
1778308896017 2.66258 82
1778308930465 2.65106 83
1778308965246 2.64944 84
1778308999773 2.64666 85
1778309033406 2.65717 86
1778309066680 2.6471 87
1778309100453 2.65745 88
1778309133997 2.6603 89
1778309167648 2.64663 90
1778309201340 2.64026 91
1778309235958 2.66108 92
1778309270240 2.65486 93
1778309305393 2.65915 94
1778309340545 2.65462 95
1778309375751 2.66106 96
1778309409393 2.66177 97
1778309442818 2.65468 98
1778309476360 2.65391 99
1778309510143 2.66339 100
1778309544897 2.65745 101
1778309579547 2.65923 102
1778309613275 2.64949 103
1778309647701 2.65094 104
1778309681528 2.6536 105
1778309716430 2.65234 106
1778309751224 2.64841 107
1778309787046 2.65484 108
1778309822145 2.65904 109
