1778306076517 5.86007 0
1778306113583 5.86524 1
1778306148500 5.86095 2
1778306181909 5.86313 3
1778306214943 5.86322 4
1778306249948 5.87635 5
1778306284075 5.87225 6
1778306318702 5.86544 7
1778306352812 5.86298 8
1778306388425 5.86912 9
1778306423418 5.87294 10
1778306457355 5.87322 11
1778306491206 5.87393 12
1778306524856 5.8712 13
1778306558673 5.87285 14
1778306593169 5.86996 15
1778306628002 5.87038 16
1778306662772 5.87242 17
1778306696949 5.86996 18
1778306730591 5.86238 19
1778306764028 5.87048 20
1778306797674 5.87234 21
1778306830901 5.86459 22
1778306865301 5.86852 23
1778306899022 5.86404 24
1778306932323 5.87091 25
1778306965651 5.86122 26
1778306999284 5.86229 27
1778307034071 5.86476 28
1778307069361 5.86878 29
1778307104031 5.87367 30
1778307137499 5.87094 31
1778307172406 5.86847 32
1778307207235 5.87728 33
1778307241963 5.87113 34
1778307276357 5.87007 35
1778307311304 5.87833 36
1778307345818 5.87184 37
1778307379343 5.87384 38
1778307412802 5.88137 39
1778307447680 5.87602 40
1778307482235 5.86964 41
1778307515899 5.86986 42
1778307549345 5.87528 43
1778307584139 5.8781 44
1778307618807 5.86275 45
1778307654068 5.87144 46
1778307688341 5.86438 47
1778307721752 5.87143 48
1778307754933 5.87054 49
1778307787889 5.87142 50
1778307821100 5.86846 51
1778307854686 5.87001 52
1778307888240 5.86498 53
1778307921560 5.87484 54
1778307955252 5.86567 55
1778307988591 5.87036 56
1778308022013 5.87655 57
1778308055336 5.86641 58
1778308102971 5.86974 59
1778308136616 5.87191 60
1778308170423 5.86587 61
1778308204234 5.85902 62
1778308239180 5.87251 63
1778308273739 5.86395 64
1778308308453 5.87206 65
1778308342800 5.87371 66
1778308377250 5.87038 67
1778308411797 5.85459 68
1778308446497 5.87327 69
1778308480841 5.86577 70
1778308515206 5.86321 71
1778308549606 5.86778 72
1778308584422 5.87287 73
1778308618891 5.87092 74
1778308653643 5.86989 75
1778308688367 5.87209 76
1778308723172 5.86719 77
1778308758389 5.87051 78
1778308792355 5.86771 79
1778308827118 5.86642 80
1778308861795 5.86132 81
1778308896017 5.86349 82
1778308930465 5.87131 83
1778308965246 5.87705 84
1778308999773 5.86778 85
1778309033406 5.86609 86
1778309066680 5.87296 87
1778309100453 5.8722 88
1778309133997 5.85851 89
1778309167648 5.86571 90
1778309201340 5.87685 91
1778309235958 5.87464 92
1778309270240 5.86093 93
1778309305393 5.86835 94
1778309340545 5.87856 95
1778309375751 5.86151 96
1778309409393 5.86767 97
1778309442818 5.86676 98
1778309476360 5.87068 99
1778309510143 5.86548 100
1778309544897 5.86687 101
1778309579547 5.86102 102
1778309613275 5.88034 103
1778309647701 5.87704 104
1778309681528 5.8676 105
1778309716430 5.86389 106
1778309751224 5.86257 107
1778309787046 5.87396 108
1778309822145 5.86643 109
