1778306076517 4.0491 0
1778306113583 1.10617 1
1778306148500 0.99997 2
1778306181909 0.98619 3
1778306214943 0.91477 4
1778306249948 0.96672 5
1778306284075 0.87646 6
1778306318702 0.8954 7
1778306352812 0.86551 8
1778306388425 0.85173 9
1778306423418 0.85844 10
1778306457355 0.85059 11
1778306491206 0.84503 12
1778306524856 0.82496 13
1778306558673 0.83331 14
1778306593169 0.85186 15
1778306628002 0.83954 16
1778306662772 0.84175 17
1778306696949 0.8513 18
1778306730591 0.84517 19
1778306764028 0.82113 20
1778306797674 0.82214 21
1778306830901 0.84086 22
1778306865301 0.82066 23
1778306899022 0.8071 24
1778306932323 0.80179 25
1778306965651 0.8089 26
1778306999284 0.80652 27
1778307034071 0.81634 28
1778307069361 0.80642 29
1778307104031 0.81736 30
1778307137499 0.83914 31
1778307172406 0.80152 32
1778307207235 0.78431 33
1778307241963 0.79479 34
1778307276357 0.82168 35
1778307311304 0.7932 36
1778307345818 0.80215 37
1778307379343 0.78839 38
1778307412802 0.7767 39
1778307447680 0.77753 40
1778307482235 0.78136 41
1778307515899 0.79222 42
1778307549345 0.79455 43
1778307584139 0.79164 44
1778307618807 0.77536 45
1778307654068 0.78506 46
1778307688341 0.77167 47
1778307721752 0.77806 48
1778307754933 0.7865 49
1778307787889 0.77748 50
1778307821100 0.77386 51
1778307854686 0.76603 52
1778307888240 0.76367 53
1778307921560 0.76674 54
1778307955252 0.76794 55
1778307988591 0.76069 56
1778308022013 0.76566 57
1778308055336 0.76324 58
1778308102971 0.76137 59
1778308136616 0.76359 60
1778308170423 0.75799 61
1778308204234 0.75078 62
1778308239180 0.75429 63
1778308273739 0.75795 64
1778308308453 0.7592 65
1778308342800 0.75308 66
1778308377250 0.74988 67
1778308411797 0.75008 68
1778308446497 0.74709 69
1778308480841 0.74881 70
1778308515206 0.7564 71
1778308549606 0.75331 72
1778308584422 0.74406 73
1778308618891 0.73816 74
1778308653643 0.74825 75
1778308688367 0.73915 76
1778308723172 0.74036 77
1778308758389 0.74312 78
1778308792355 0.73415 79
1778308827118 0.73962 80
1778308861795 0.73655 81
1778308896017 0.73517 82
1778308930465 0.74017 83
1778308965246 0.7419 84
1778308999773 0.73949 85
1778309033406 0.74039 86
1778309066680 0.73304 87
1778309100453 0.72995 88
1778309133997 0.73496 89
1778309167648 0.73215 90
1778309201340 0.72995 91
1778309235958 0.73366 92
1778309270240 0.73009 93
1778309305393 0.73047 94
1778309340545 0.72314 95
1778309375751 0.72531 96
1778309409393 0.72545 97
1778309442818 0.7304 98
1778309476360 0.73684 99
1778309510143 0.73646 100
1778309544897 0.73439 101
1778309579547 0.71488 102
1778309613275 0.72461 103
1778309647701 0.73129 104
1778309681528 0.71812 105
1778309716430 0.71497 106
1778309751224 0.72383 107
1778309787046 0.71576 108
1778309822145 0.72352 109
