1778306076517 0.03344 0
1778306113583 0.03312 1
1778306148500 0.03304 2
1778306181909 0.03312 3
1778306214943 0.03291 4
1778306249948 0.03304 5
1778306284075 0.03316 6
1778306318702 0.03275 7
1778306352812 0.03296 8
1778306388425 0.03301 9
1778306423418 0.03328 10
1778306457355 0.03332 11
1778306491206 0.03274 12
1778306524856 0.03297 13
1778306558673 0.03288 14
1778306593169 0.03358 15
1778306628002 0.03295 16
1778306662772 0.03319 17
1778306696949 0.03321 18
1778306730591 0.03318 19
1778306764028 0.03311 20
1778306797674 0.03325 21
1778306830901 0.03302 22
1778306865301 0.03293 23
1778306899022 0.03346 24
1778306932323 0.03325 25
1778306965651 0.03301 26
1778306999284 0.03274 27
1778307034071 0.03337 28
1778307069361 0.03311 29
1778307104031 0.03318 30
1778307137499 0.03328 31
1778307172406 0.03311 32
1778307207235 0.03305 33
1778307241963 0.03332 34
1778307276357 0.03303 35
1778307311304 0.03312 36
1778307345818 0.03282 37
1778307379343 0.03308 38
1778307412802 0.03325 39
1778307447680 0.03309 40
1778307482235 0.03296 41
1778307515899 0.03292 42
1778307549345 0.03321 43
1778307584139 0.03312 44
1778307618807 0.03322 45
1778307654068 0.03308 46
1778307688341 0.03303 47
1778307721752 0.0335 48
1778307754933 0.03317 49
1778307787889 0.03302 50
1778307821100 0.03307 51
1778307854686 0.03337 52
1778307888240 0.03307 53
1778307921560 0.0333 54
1778307955252 0.03297 55
1778307988591 0.033 56
1778308022013 0.03309 57
1778308055336 0.03338 58
1778308102971 0.03292 59
1778308136616 0.03352 60
1778308170423 0.03352 61
1778308204234 0.03324 62
1778308239180 0.03303 63
1778308273739 0.03306 64
1778308308453 0.03294 65
1778308342800 0.03316 66
1778308377250 0.03323 67
1778308411797 0.03261 68
1778308446497 0.03292 69
1778308480841 0.03321 70
1778308515206 0.03263 71
1778308549606 0.03326 72
1778308584422 0.03311 73
1778308618891 0.03331 74
1778308653643 0.03325 75
1778308688367 0.03283 76
1778308723172 0.03323 77
1778308758389 0.03332 78
1778308792355 0.03355 79
1778308827118 0.03278 80
1778308861795 0.03326 81
1778308896017 0.03315 82
1778308930465 0.03289 83
1778308965246 0.0329 84
1778308999773 0.03281 85
1778309033406 0.03299 86
1778309066680 0.03247 87
1778309100453 0.03326 88
1778309133997 0.03337 89
1778309167648 0.03309 90
1778309201340 0.03316 91
1778309235958 0.03322 92
1778309270240 0.03345 93
1778309305393 0.03315 94
1778309340545 0.03284 95
1778309375751 0.0328 96
1778309409393 0.03313 97
1778309442818 0.03295 98
1778309476360 0.03314 99
1778309510143 0.03313 100
1778309544897 0.03326 101
1778309579547 0.03328 102
1778309613275 0.03335 103
1778309647701 0.03314 104
1778309681528 0.03286 105
1778309716430 0.03301 106
1778309751224 0.03285 107
1778309787046 0.0333 108
1778309822145 0.03275 109
