1778306076517 4.71374 0
1778306113583 4.68501 1
1778306148500 4.71116 2
1778306181909 4.69348 3
1778306214943 4.69745 4
1778306249948 4.71168 5
1778306284075 4.71051 6
1778306318702 4.70031 7
1778306352812 4.70111 8
1778306388425 4.70978 9
1778306423418 4.71703 10
1778306457355 4.70552 11
1778306491206 4.6937 12
1778306524856 4.70078 13
1778306558673 4.70302 14
1778306593169 4.71157 15
1778306628002 4.69925 16
1778306662772 4.70821 17
1778306696949 4.69405 18
1778306730591 4.69898 19
1778306764028 4.7007 20
1778306797674 4.70054 21
1778306830901 4.68459 22
1778306865301 4.6887 23
1778306899022 4.6911 24
1778306932323 4.71493 25
1778306965651 4.71054 26
1778306999284 4.68942 27
1778307034071 4.69073 28
1778307069361 4.70029 29
1778307104031 4.70904 30
1778307137499 4.70245 31
1778307172406 4.72165 32
1778307207235 4.69998 33
1778307241963 4.70736 34
1778307276357 4.70603 35
1778307311304 4.70564 36
1778307345818 4.69241 37
1778307379343 4.69739 38
1778307412802 4.70696 39
1778307447680 4.71009 40
1778307482235 4.69527 41
1778307515899 4.70641 42
1778307549345 4.69359 43
1778307584139 4.70626 44
1778307618807 4.70174 45
1778307654068 4.71017 46
1778307688341 4.69893 47
1778307721752 4.70777 48
1778307754933 4.70225 49
1778307787889 4.69671 50
1778307821100 4.68735 51
1778307854686 4.69993 52
1778307888240 4.70443 53
1778307921560 4.70439 54
1778307955252 4.69222 55
1778307988591 4.69704 56
1778308022013 4.70838 57
1778308055336 4.70803 58
1778308102971 4.68988 59
1778308136616 4.70726 60
1778308170423 4.70071 61
1778308204234 4.70104 62
1778308239180 4.71308 63
1778308273739 4.69932 64
1778308308453 4.69724 65
1778308342800 4.71184 66
1778308377250 4.6974 67
1778308411797 4.69273 68
1778308446497 4.68607 69
1778308480841 4.70019 70
1778308515206 4.68757 71
1778308549606 4.70363 72
1778308584422 4.70424 73
1778308618891 4.70809 74
1778308653643 4.70274 75
1778308688367 4.70295 76
1778308723172 4.6862 77
1778308758389 4.69979 78
1778308792355 4.71746 79
1778308827118 4.69362 80
1778308861795 4.70107 81
1778308896017 4.70198 82
1778308930465 4.6954 83
1778308965246 4.6955 84
1778308999773 4.69787 85
1778309033406 4.70984 86
1778309066680 4.70032 87
1778309100453 4.69379 88
1778309133997 4.70801 89
1778309167648 4.70011 90
1778309201340 4.69472 91
1778309235958 4.70016 92
1778309270240 4.70289 93
1778309305393 4.70346 94
1778309340545 4.70526 95
1778309375751 4.6975 96
1778309409393 4.69792 97
1778309442818 4.71628 98
1778309476360 4.71452 99
1778309510143 4.70701 100
1778309544897 4.71116 101
1778309579547 4.7213 102
1778309613275 4.69311 103
1778309647701 4.71485 104
1778309681528 4.71049 105
1778309716430 4.70494 106
1778309751224 4.6981 107
1778309787046 4.7054 108
1778309822145 4.69658 109
