1778306076517 0.80949 0
1778306113583 0.80143 1
1778306148500 0.79743 2
1778306181909 0.80015 3
1778306214943 0.80256 4
1778306249948 0.8005 5
1778306284075 0.80656 6
1778306318702 0.79395 7
1778306352812 0.79681 8
1778306388425 0.79841 9
1778306423418 0.80366 10
1778306457355 0.81138 11
1778306491206 0.79751 12
1778306524856 0.79633 13
1778306558673 0.7965 14
1778306593169 0.81083 15
1778306628002 0.80098 16
1778306662772 0.80186 17
1778306696949 0.80205 18
1778306730591 0.80134 19
1778306764028 0.79968 20
1778306797674 0.80362 21
1778306830901 0.79783 22
1778306865301 0.7928 23
1778306899022 0.80896 24
1778306932323 0.80926 25
1778306965651 0.79761 26
1778306999284 0.79526 27
1778307034071 0.81144 28
1778307069361 0.79739 29
1778307104031 0.79945 30
1778307137499 0.79951 31
1778307172406 0.80051 32
1778307207235 0.80146 33
1778307241963 0.80655 34
1778307276357 0.80126 35
1778307311304 0.80248 36
1778307345818 0.79198 37
1778307379343 0.80094 38
1778307412802 0.80868 39
1778307447680 0.79667 40
1778307482235 0.79528 41
1778307515899 0.79448 42
1778307549345 0.80142 43
1778307584139 0.79745 44
1778307618807 0.80035 45
1778307654068 0.79804 46
1778307688341 0.79852 47
1778307721752 0.80911 48
1778307754933 0.79583 49
1778307787889 0.79769 50
1778307821100 0.79727 51
1778307854686 0.80398 52
1778307888240 0.80234 53
1778307921560 0.80401 54
1778307955252 0.79735 55
1778307988591 0.79985 56
1778308022013 0.80383 57
1778308055336 0.81108 58
1778308102971 0.80024 59
1778308136616 0.81374 60
1778308170423 0.81013 61
1778308204234 0.80181 62
1778308239180 0.79957 63
1778308273739 0.79896 64
1778308308453 0.79843 65
1778308342800 0.80401 66
1778308377250 0.81148 67
1778308411797 0.7926 68
1778308446497 0.79098 69
1778308480841 0.80541 70
1778308515206 0.78903 71
1778308549606 0.80084 72
1778308584422 0.80544 73
1778308618891 0.81078 74
1778308653643 0.80368 75
1778308688367 0.79246 76
1778308723172 0.80057 77
1778308758389 0.80733 78
1778308792355 0.80877 79
1778308827118 0.79849 80
1778308861795 0.80678 81
1778308896017 0.80017 82
1778308930465 0.79827 83
1778308965246 0.79065 84
1778308999773 0.79814 85
1778309033406 0.80156 86
1778309066680 0.78995 87
1778309100453 0.80738 88
1778309133997 0.80208 89
1778309167648 0.80397 90
1778309201340 0.80509 91
1778309235958 0.79994 92
1778309270240 0.80739 93
1778309305393 0.79888 94
1778309340545 0.79264 95
1778309375751 0.79603 96
1778309409393 0.80288 97
1778309442818 0.79642 98
1778309476360 0.80624 99
1778309510143 0.79747 100
1778309544897 0.80351 101
1778309579547 0.80315 102
1778309613275 0.80641 103
1778309647701 0.8093 104
1778309681528 0.7988 105
1778309716430 0.8021 106
1778309751224 0.7978 107
1778309787046 0.80635 108
1778309822145 0.79694 109
